49 23
128 22
141 20
146 23
132 22
100 21
121 23
136 22
93 28
156 22
159 29
57 26
142 23
121 26
122 22
92 23
137 20
88 24
71 21
156 27
157 21
50 26
158 22
73 20
91 24
105 28
91 22
154 20
81 26
138 28
139 28
79 30
109 23
116 24
145 23
63 27
115 30
54 25
125 27
158 24
85 27
83 27
83 28
134 25
145 22
124 28
103 24
138 29
137 26
42 24
52 30
121 29
67 21
142 26
136 23
158 30
77 22
142 24
142 30
49 25
56 23
135 27
90 26
61 29
53 27
134 25
154 25
68 27
96 26
142 25
83 30
156 29
151 22
116 26
86 29
105 27
42 20
138 20
76 21
140 20
137 24
135 22
77 28
152 27
129 24
61 22
148 22
71 23
117 25
102 25
118 25
54 27
88 28
54 23
150 27
110 20
144 28
100 30
130 27
65 29
135 22
84 22
50 29
81 23
156 26
145 21
43 20
63 24
160 21
89 25
43 30
95 23
42 22
56 26
71 20
106 23
69 21
71 26
110 21
53 20
99 30
156 29
120 25
77 26
126 22
134 25
134 22
45 20
95 28
157 22
106 30
113 28
127 23
44 24
116 21
135 20
144 25
139 20
68 28
54 27
46 21
69 24
80 27
109 20
120 20
67 24
143 29
62 27
159 22
45 30
141 24
69 21
124 24
48 27
129 22
46 23
63 24
89 29
50 30
119 30
103 25
59 25
82 21
117 29
119 29
127 25
111 24
52 29
124 20
111 20
49 23
112 24
120 22
57 22
104 25
55 26
87 30
126 28
133 25
44 26
67 27
115 25
119 28
50 24
138 26
45 26
71 24
129 24
99 22
131 20
95 22
43 23
152 29
138 24
148 22
95 28
42 22
66 26
100 28
54 26
141 30
128 25
116 26
157 22
137 22
151 24
101 30
57 26
122 25
113 22
115 27
55 23
132 28
113 21
114 30
123 29
66 29
132 26
60 28
131 28
108 23
63 29
72 30
66 21
117 29
141 29
94 22
53 23
60 21
57 25
65 22
46 21
111 28
76 27
40 23
92 21
139 23
149 29
63 30
75 25
135 21
159 21
54 23
119 25
118 25
91 25
121 22
73 21
46 23
41 28
44 30
111 28
66 20
82 25
136 23
122 30
88 20
85 30
119 21
145 28
128 29
112 20
43 25
98 20
103 30
126 28
157 21
126 29
141 22
127 24
79 22
155 23
56 22
77 26
124 21
90 22
63 30
77 25
80 29
45 25
93 28
146 30
151 21
150 24
45 21
139 24
54 22
116 29
71 29
82 20
92 23
42 21
71 27
43 28
76 24
114 29
118 29
159 20
47 29
63 29
78 26
65 26
136 27
118 26
133 26
124 25
62 29
113 20
129 25
135 23
65 29
77 28
52 28
97 20
150 29
61 23
63 25
49 23
130 27
160 26
121 23
124 26
136 22
140 21
105 27
82 25
122 21
79 26
51 24
140 24
48 26
80 22
140 22
146 24
92 21
102 27
125 24
98 27
88 30
135 28
87 25
85 25
136 26
130 23
61 27
84 22
73 28
107 25
97 20
50 29
113 28
136 30
106 26
150 23
129 22
62 29
54 22
52 27
56 29
105 27
118 24
155 20
141 30
124 27
133 20
134 30
107 26
58 27
91 25
127 29
116 25
72 26
154 27
99 21
75 28
121 28
133 23
100 20
56 26
138 26
43 28
63 25
49 26
78 22
50 23
90 29
159 28
123 26
149 27
62 28
139 29
60 30
82 29
156 25
59 27
136 27
136 30
62 27
102 29
135 21
64 22
137 20
138 26
91 24
84 28
71 28
45 27
154 30
49 21
91 30
78 27
124 20
41 29
43 27
44 21
111 21
57 30
40 28
55 23
122 20
107 25
158 23
117 23
65 26
72 25
64 21
136 25
40 24
145 22
127 30
144 23
74 20
98 26
48 23
93 22
99 23
104 28
145 30
69 28
124 20
97 23
127 30
99 26
106 27
144 29
127 26
160 27
160 26
129 26
156 28
150 28
136 24
93 30
81 24
78 25
124 28
78 23
56 24
146 30
119 28
75 25
49 22
102 26
131 21
44 26
82 26
81 20
129 21
71 29
156 22
158 25
122 29
106 26
47 29
65 27
66 25
75 29
116 24
124 20
106 21
80 23
134 28
121 24
54 20
89 21
83 21
120 21
49 21
127 26
154 24
159 30
104 25
52 20
116 28
101 29
99 22
140 21
108 28
60 26
121 22
136 23
130 20
155 26
70 27
73 25
45 25
79 27
54 29
73 26
125 20
133 29
137 24
125 20
101 21
129 21
129 24
71 26
102 20
60 27
56 24
86 24
41 22
116 25
94 23
100 25
87 26
113 24
103 24
97 22
79 30
72 24
58 22
137 23
42 30
106 23
110 28
100 23
72 27
49 30
154 25
125 26
68 30
77 21
50 30
160 30
141 24
108 20
50 28
52 30
91 30
85 30
113 23
127 27
118 27
122 26
77 30
133 28
52 23
52 22
69 29
139 30
84 29
51 27
157 30
134 23
65 23
60 21
127 21
62 21
158 29
86 20
72 27
150 30
101 28
103 21
83 30
148 28
116 25
89 27
102 25
59 21
91 20
68 24
80 21
97 22
42 28
98 27
102 29
54 26
44 29
119 24
55 30
109 27
126 29
62 29
152 22
109 26
41 26
106 29
118 30
123 30
87 20
113 24
127 29
101 28
160 23
79 27
132 29
83 27
90 30
95 27
74 23
48 27
108 28
66 26
44 23
59 25
103 28
58 20
134 24
115 29
60 24
45 29
87 26
149 20
70 23
52 29
153 28
82 30
129 23
105 24
72 21
147 20
41 24
95 30
93 22
131 21
82 23
132 26
142 26
127 20
110 27
95 23
143 24
98 23
158 28
90 28
77 24
134 26
44 29
82 30
71 29
55 25
113 21
158 20
87 24
138 28
106 28
73 23
73 24
141 27
77 23
94 23
135 20
135 28
136 25
129 26
133 24
84 30
50 28
156 25
105 24
129 30
107 21
135 23
47 29
78 29
66 28
118 24
59 23
155 27
97 27
142 22
105 21
114 29
44 30
84 26
60 28
84 25
108 20
139 28
128 24
125 30
146 20
121 29
95 28
88 27
63 30
132 29
95 26
154 25
128 24
132 28
110 29
73 29
148 28
155 29
88 21
84 21
154 20
138 21
94 24
54 30
107 28
62 30
115 26
49 29
136 21
93 24
45 29
146 21
69 20
157 22
153 26
146 24
100 20
99 28
160 26
84 20
62 21
118 28
75 22
50 21
121 28
50 26
47 24
94 22
107 22
158 20
76 22
156 24
80 23
81 25
116 28
147 28
110 30
44 20
89 30
157 27
74 29
50 29
86 30
88 29
67 28
110 22
83 23
75 20
88 29
140 22
59 28
154 25
107 30
71 30
86 20
110 21
69 29
121 29
80 29
40 29
65 29
66 21
133 24
71 21
67 26
46 23
149 28
102 20
112 27
61 29
126 28
76 20
146 21
102 23
121 25
99 22
66 25
62 20
46 23
111 25
133 27
97 29
86 26
129 27
95 22
41 26
123 24
74 27
57 28
71 25
142 22
116 28
89 22
46 28
110 29
142 21
135 24
145 28
77 27
66 26
78 20
82 27
58 20
64 26
146 27
64 22
47 27
43 29
44 25
159 29
66 26
85 24
123 21
148 26
124 29
154 27
113 21
116 27
81 23
124 27
93 26
121 23
44 21
58 28
100 24
138 24
138 26
106 28
73 22
90 21
95 22
111 24
91 28
93 25
56 22
134 20
77 29
136 28
44 26
125 25
108 24
155 20
93 26
88 21
44 27
41 28
97 26
84 20
67 29
159 30
94 28
124 24
130 25
134 25
120 28
78 29
115 29
98 20
76 26
152 28
101 24
128 26
113 26
129 25
101 30
70 26
124 30
87 27
101 23
139 28
159 23
125 23
123 22
138 26
113 24
115 25
70 27
50 29
41 25
118 26
132 20
42 27
48 25
128 26
129 24
152 21
139 20
107 20
111 25
96 29
62 29
110 25
87 30
149 21
41 24
94 29
130 20
151 27
91 28
119 22
116 25
152 27
44 23
150 26
83 25
117 26
137 24
124 26
139 23
149 24
142 24
109 30
118 26
65 24
80 28
135 27
110 26
110 29
75 27
97 23
95 26
84 21
106 23
106 25
78 30
117 23
65 27
79 23
66 27
120 25
144 27
150 29
40 30
81 25
67 26
121 25
120 26
72 25
99 23
70 28
47 30
105 22
101 27
157 26
158 27
87 29
99 20
94 30
84 27
78 30
123 29
75 28
148 21
120 21
109 29
92 22
112 28
121 20
101 20
51 30
67 21
98 20
131 23
135 24
97 23
94 27
129 30
159 23
90 23
154 22
69 26
122 20
154 26
44 29
40 29
116 29
83 28
115 20
136 27
66 25
76 29
135 30
68 27
152 28
87 21
41 23
124 29
118 22
121 30
62 20
160 26
49 28
78 28
61 20
147 30
102 20
129 23
68 22
59 21
52 24
93 22
44 27
99 27
57 24
96 29
92 30
49 20
44 24
76 29
141 25
157 25
41 23
59 28
127 23
139 22
41 22
120 20
52 21
118 30
86 23
99 29
106 29
134 25
126 20
81 23
44 24
106 27
116 25
78 27
95 27
68 27
118 27
77 27
45 22
63 26
75 20
117 26
101 29
66 25
137 22
158 28
43 20
96 24
91 21
54 20
131 30
138 21
104 28
109 25
53 20
94 24
119 24
150 20
89 26
114 20
142 23
82 20
107 30
47 30
50 28
70 25
134 29
103 28
160 21
47 24
67 24
60 28
137 22
159 28
119 23
135 29
64 21
131 21
65 26
112 28
96 29
61 29
140 22
54 24
151 28
88 27
85 24
48 22
61 30
145 25
96 26
56 22
48 22
82 29
54 23
54 21
73 22
81 26
101 29
157 21
43 24
47 30
88 26
65 29
57 30
142 25
42 22
45 27
86 26
160 23
68 27
157 26
134 29
127 29
93 25
40 25
92 23
127 29
107 21
130 29
58 26
118 25
139 21
94 20
56 20
40 24
91 26
75 25
156 23
86 22
159 25
149 23
93 21
92 20
96 21
159 22
152 21
72 20
67 27
61 27
71 20
102 21
158 24
110 22
69 29
75 24
114 20
87 23
44 30
100 22
105 23
69 24
151 30
116 20
57 20
141 25
153 27
53 25
138 27
55 22
104 23
56 26
84 20
155 30
132 23
110 25
82 23
138 27
63 24
120 28
48 28
131 22
76 25
118 30
101 24
82 26
141 30
134 24
153 22
129 25
132 20
150 24
69 26
110 27
70 26
103 23
115 23
71 21
103 27
158 25
115 29
88 29
122 23
70 21
83 27
78 30
124 25
128 25
141 27
95 21
158 25
65 26
128 27
115 29
125 22
159 26
49 30
141 23
93 23
147 24
119 25
89 21
126 28
107 27
88 23
85 21
87 27
145 24
125 30
74 25
57 25
82 29
139 22
105 21
138 24
74 30
104 23
118 24
77 27
96 27
93 27
55 24
57 24
88 24
148 23
136 30
87 20
109 21
67 28
129 23
70 22
135 26
44 24
138 24
160 26
74 25
59 28
58 26
145 26
51 20
55 30
133 25
88 22
146 29
141 26
54 27
133 25
139 21
141 20
110 30
115 27
137 30
78 29
111 20
132 25
77 25
148 24
87 20
87 23
55 29
137 26
123 27
49 28
115 20
95 30
159 27
150 25
78 25
68 28
87 27
59 22
64 24
53 21
127 25
69 20
103 26
93 26
46 21
92 28
122 22
160 26
156 24
67 25
121 27
44 22
51 28
120 30
155 20
149 23
85 25
88 22
116 22
101 28
121 28
92 24
118 28
95 27
92 29
42 28
122 23
114 22
43 21
130 26
40 27
144 25
113 25
140 22
149 28
71 27
57 26
124 22
147 23
111 27
61 25
80 27
60 27
61 29
109 20
138 21
151 26
48 22
145 20
66 27
133 28
131 22
137 20
128 28
154 20
134 21
151 24
83 29
44 27
159 30
81 28
65 22
101 23
134 21
137 23
137 30
86 29
131 30
73 27
65 28
109 29
116 23
121 27
142 21
106 20
130 20
69 28
143 27
64 30
99 30
126 24
150 25
111 27
56 30
65 29
122 21
113 30
65 20
128 26
119 21
45 25
123 28
145 21
58 24
55 24
59 21
102 22
107 26
156 30
137 22
69 24
149 26
137 23
95 29
49 23
153 23
131 25
142 26
93 20
89 28
115 23
150 26
136 21
108 27
104 29
114 26
57 28
127 30
110 27
150 22
122 28
96 20
102 28
58 23
90 26
111 24
48 26
143 25
158 20
89 25
133 28
145 23
57 21
74 20
160 21
104 22
115 27
156 30
76 23
83 26
66 22
54 23
86 24
87 21
127 21
110 20
140 22
136 30
51 28
112 20
96 23
121 24
117 21
152 30
44 21
70 23
153 27
76 27
157 24
79 26
56 26
133 21
44 23
86 26
62 21
43 22
149 24
88 21
140 24
127 28
51 27
62 20
81 25
156 30
127 23
74 23
98 29
131 21
142 27
159 22
123 21
78 20
52 24
157 27
94 29
118 25
43 20
158 25
155 30
120 29
77 22
101 22
135 20
155 30
102 23
107 23
90 23
87 21
135 21
114 20
47 26
64 28
126 30
123 20
129 24
90 29
50 28
133 23
81 23
134 21
119 21
106 29
130 28
70 25
121 21
125 23
152 27
118 23
99 24
114 26
69 23
95 23
152 23
55 24
134 22
141 25
141 29
117 21
61 22
130 26
54 30
66 23
160 27
155 23
43 27
87 25
49 28
120 22
79 20
88 29
48 23
141 21
81 27
134 21
101 22
88 23
52 24
124 25
49 27
158 23
86 21
69 30
159 29
79 24
40 29
113 23
143 26
76 20
70 26
45 28
88 29
127 30
124 29
148 30
57 27
151 23
158 30
97 23
93 30
108 23
59 29
89 29
50 28
102 24
124 30
136 23
105 20
160 26
59 26
124 29
106 29
134 20
100 24
116 29
153 22
99 26
152 24
56 23
86 30
156 27
138 25
60 25
146 25
102 20
149 30
61 24
103 29
159 29
79 27
104 22
157 30
97 23
42 25
50 30
78 30
132 21
80 23
77 27
70 27
134 29
94 21
141 24
41 28
115 20
104 28
134 27
64 25
107 30
77 28
62 26
111 20
42 25
59 23
116 29
134 27
42 26
40 22
72 24
111 29
112 22
89 20
113 27
61 23
70 22
74 26
133 29
86 21
48 24
45 24
99 21
141 22
105 21
47 29
90 24
107 28
67 27
44 27
154 21
108 21
118 22
125 28
160 21
89 25
70 22
141 22
63 20
76 27
91 20
125 28
148 22
95 25
115 27
107 20
94 20
118 21
84 28
130 27
122 27
47 24
73 27
150 25
114 22
129 26
120 28
73 24
45 25
92 28
146 29
98 29
139 23
125 28
131 26
44 29
47 29
130 24
56 25
134 30
69 26
58 20
84 23
89 28
83 30
123 22
82 23
72 27
97 22
70 24
58 29
143 27
115 28
107 20
59 28
136 22
90 24
133 26
56 27
84 22
95 27
137 25
158 27
150 21
111 26
57 25
90 25
124 27
131 28
82 25
114 23
149 23
122 27
60 21
147 21
145 22
121 25
112 25
145 25
132 28
110 27
157 29
80 22
117 21
127 20
99 30
106 27
57 28
78 20
80 22
56 29
117 23
159 22
45 30
140 26
138 29
82 26
92 26
114 23
109 22
119 27
50 25
135 21
86 23
119 22
64 25
140 22
65 26
118 26
57 28
134 21
59 24
44 20
96 28
135 25
113 25
107 20
93 30
156 24
102 22
158 28
121 24
90 28
46 23
78 30
64 27
71 28
133 29
63 20
105 30
61 29
89 23
86 25
117 23
47 20
103 23
78 24
126 27
120 23
137 23
97 29
44 22
123 29
150 25
125 23
80 25
88 23
85 23
100 30
82 24
55 27
52 26
135 30
133 22
157 25
63 23
141 25
140 29
67 25
50 30
106 25
136 21
48 30
131 29
57 30
57 29
108 30
133 26
146 24
104 29
77 29
40 26
149 25
81 28
138 24
159 25
88 24
82 25
111 22
99 24
109 21
43 20
49 21
131 24
92 20
136 30
97 22
141 27
141 28
156 24
88 22
106 20
140 23
129 30
43 22
90 25
101 30
158 29
44 23
62 22
110 22
112 24
56 30
96 24
120 26
154 24
79 30
48 23
87 23
67 22
153 27
155 26
104 23
152 21
144 22
104 25
50 22
113 27
120 21
121 26
67 28
118 29
88 30
114 22
129 29
129 23
127 28
78 29
80 23
55 29
132 22
100 28
132 28
42 29
45 27
50 21
112 28
63 28
127 27
65 29
113 23
143 30
73 20
70 24
129 27
55 23
48 20
140 25
129 25
62 28
41 29
149 22
149 30
120 25
97 27
55 30
112 29
47 30
47 27
133 22
74 25
115 28
123 23
120 30
65 24
115 23
83 24
72 30
108 22
136 27
158 28
74 26
54 25
92 30
74 25
134 22
136 23
43 22
157 26
75 23
87 25
63 28
119 23
156 20
47 22
102 20
135 25
56 21
126 21
53 23
60 26
155 22
160 24
104 25
48 28
127 22
123 30
73 29
91 25
120 25
49 30
102 23
144 26
78 24
109 24
43 21
127 26
85 24
77 29
58 22
80 28
95 26
148 28
103 23
47 27
49 29
64 26
66 30
142 27
45 22
90 28
158 24
136 22
52 23
125 28
57 28
52 22
64 30
149 26
120 28
43 20
61 24
55 27
96 25
46 23
77 20
55 28
88 30
134 20
49 20
43 25
107 28
148 25
52 23
51 21
114 25
127 23
62 28
138 28
145 26
103 20
123 28
104 23
93 23
138 25
149 28
158 20
137 24
133 28
102 29
43 26
139 28
93 30
97 24
73 21
136 20
107 23
48 21
82 27
138 24
102 21
60 25
53 20
156 26
48 25
57 29
118 20
160 21
147 28
87 30
41 26
127 22
41 24
152 29
107 24
69 25
141 25
88 21
128 20
46 26
98 22
140 23
60 20
131 24
95 30
67 24
153 21
147 30
64 20
120 23
63 21
111 21
45 27
144 21
102 24
65 25
128 29
111 29
148 27
45 28
106 23
146 24
81 21
144 22
127 24
139 24
156 29
156 24
43 23
99 28
83 28
133 28
125 22
131 24
113 26
66 21
142 26
117 22
83 28
44 23
53 20
137 24
123 26
68 28
112 20
48 20
76 25
65 25
133 22
109 21
139 26
158 30
93 20
86 22
129 24
124 25
52 27
133 24
104 26
147 26
126 28
143 23
153 23
143 22
98 27
78 23
63 28
142 28
62 29
57 26
63 25
43 29
87 23
72 20
132 28
148 23
95 23
86 23
114 28
123 29
128 30
94 22
120 21
147 29
77 28
93 22
154 29
96 25
68 21
157 23
59 29
105 30
58 29
118 25
139 22
73 22
152 28
149 20
145 24
46 21
104 25
50 27
48 21
71 27
151 25
90 23
143 26
138 28
57 27
157 20
146 25
144 21
71 22
126 29
127 25
46 24
59 21
154 30
144 25
160 29
106 21
150 25
63 22
58 29
56 25
132 28
45 29
41 22
154 29
50 27
147 25
92 22
104 29
84 28
155 21
116 22
42 25
64 20
132 28
129 20
64 20
73 27
56 26
43 29
76 22
155 21
108 21
119 23
118 30
114 22
81 29
120 29
61 30
74 24
144 21
95 20
134 27
146 28
126 21
159 29
84 26
149 21
97 30
73 29
133 30
40 28
122 21
71 26
105 23
85 21
59 24
60 22
106 25
144 20
78 20
63 27
103 28
132 28
65 21
109 27
123 29
66 27
132 27
78 26
54 24
42 23
80 27
114 26
122 30
65 22
79 25
157 29
64 21
108 23
127 22
136 22
128 26
137 30
118 27
52 26
150 27
106 29
155 27
90 27
52 28
58 24
49 20
97 26
84 28
132 24
50 30
156 20
87 21
79 22
81 24
101 24
77 20
56 25
83 21
64 25
119 20
136 20
145 22
147 28
90 26
122 24
98 20
109 29
115 23
58 24
150 26
127 25
91 24
143 24
148 22
151 20
138 23
138 27
83 22
98 24
127 28
54 27
67 25
147 21
50 20
81 20
158 30
107 27
133 25
121 24
66 24
87 28
139 27
42 20
91 22
53 27
91 26
98 21
68 22
81 20
104 25
129 20
43 21
78 22
143 28
129 20
101 20
128 20
50 23
119 22
58 25
95 23
67 30
58 25
106 29
97 26
76 23
115 26
123 27
71 23
146 25
136 27
40 26
59 28
84 24
65 25
113 22
143 29
66 26
90 23
145 28
77 27
46 26
152 20
102 21
141 21
117 25
73 23
41 28
71 23
155 26
135 22
64 27
82 21
54 27
102 21
107 22
78 30
42 25
76 23
63 20
50 30
55 23
157 30
58 25
139 24
47 25
43 22
65 25
89 30
86 26
157 21
86 23
63 29
66 21
138 25
105 29
146 20
67 26
102 29
114 27
116 29
84 24
138 26
94 30
138 24
145 27
117 21
146 23
100 27
128 26
126 24
98 24
122 30
97 25
44 22
85 21
126 27
88 24
61 22
159 28
61 27
159 30
73 28
69 25
59 23
154 28
97 22
143 22
53 21
106 22
137 24
82 30
76 23
57 29
150 24
55 28
80 25
107 21
144 26
146 25
76 20
146 22
54 26
77 23
157 23
147 25
46 30
103 25
91 25
145 28
153 29
130 26
140 21
43 23
131 30
70 26
110 23
57 21
48 23
73 25
117 21
98 27
50 20
98 30
104 23
79 27
114 28
131 29
154 21
116 22
128 29
99 30
94 22
156 24
98 26
88 20
131 27
77 20
73 29
123 30
72 22
151 29
96 26
77 23
84 20
48 20
114 28
64 30
106 22
138 22
141 29
102 25
132 24
107 20
43 28
114 29
66 26
50 27
134 23
142 23
116 24
150 26
128 21
144 23
96 29
62 27
117 30
60 23
96 24
79 23
46 29
77 26
102 24
70 25
97 28
150 26
60 21
140 26
121 29
46 23
146 27
58 25
47 27
74 28
55 20
91 23
140 22
133 26
55 21
86 24
156 27
79 29
67 29
126 29
84 21
127 24
151 20
138 22
112 21
60 21
109 22
143 30
82 30
46 23
160 25
