146 27
113 21
106 20
96 25
76 24
45 30
122 21
144 23
149 30
152 23
85 27
65 21
61 20
124 26
152 29
67 20
62 30
55 24
154 27
103 20
159 27
43 29
110 24
53 20
141 21
156 28
73 28
124 28
87 21
82 25
126 20
55 24
118 20
44 28
158 22
43 24
146 30
153 26
84 21
98 27
74 27
41 26
63 24
61 22
75 24
97 21
121 30
116 28
78 26
134 28
88 26
109 30
141 24
80 27
112 21
148 29
117 23
65 22
99 20
61 20
63 26
93 22
134 27
44 28
69 29
53 20
64 22
123 30
82 22
75 23
118 26
154 24
114 22
126 28
42 27
98 27
135 22
71 20
120 24
93 20
54 22
142 30
72 22
92 20
49 25
133 22
92 28
93 21
58 28
50 29
136 20
151 24
129 24
77 30
88 30
146 28
75 20
141 25
75 26
88 26
102 20
76 30
61 29
95 22
117 27
75 23
76 20
101 22
42 27
100 20
154 24
157 27
85 27
66 25
117 27
84 30
80 26
53 29
138 26
52 22
73 25
75 28
102 30
68 29
148 28
65 21
112 23
99 21
45 27
121 21
51 26
139 24
144 21
72 25
138 29
133 20
139 28
159 30
128 21
138 26
149 24
59 21
126 28
138 30
92 27
116 21
131 30
77 24
89 20
53 20
65 22
52 28
144 25
159 22
49 20
158 30
99 29
134 29
109 23
97 23
98 30
135 28
47 22
84 25
48 30
158 22
142 28
134 24
105 28
94 26
110 25
92 20
52 27
119 27
159 26
68 23
59 24
99 29
40 30
43 21
140 26
142 28
65 27
147 21
68 25
123 25
60 24
41 25
63 20
45 20
58 21
77 23
87 29
86 21
61 23
73 30
90 23
45 24
134 20
131 26
90 27
83 21
58 22
52 30
96 30
88 24
151 29
98 30
72 29
158 20
121 25
154 27
81 24
63 24
117 26
120 22
141 27
80 26
114 23
152 26
107 26
104 23
144 30
144 25
108 21
139 26
141 28
41 21
47 27
137 28
79 29
127 26
128 23
81 26
81 25
107 28
59 29
114 29
114 29
53 21
64 26
86 21
128 27
158 29
155 21
151 22
127 30
139 22
73 23
62 23
76 24
55 20
123 27
83 22
119 28
145 30
99 28
73 30
121 21
52 22
59 30
130 21
133 29
128 22
145 24
53 29
107 30
135 28
112 28
83 26
43 30
73 26
76 25
57 20
55 26
47 20
108 21
157 25
80 24
95 26
135 20
153 30
118 20
156 25
86 26
43 29
141 28
157 27
105 22
61 29
85 29
156 24
133 20
95 23
101 27
101 29
138 29
146 30
111 27
67 25
93 23
64 21
58 21
107 21
130 30
62 21
41 23
125 25
155 29
53 30
115 24
64 29
106 22
95 25
134 29
66 28
70 26
158 24
133 23
123 23
60 26
105 20
144 25
91 27
131 28
148 30
66 27
142 28
56 25
97 25
127 23
71 28
85 21
90 22
68 28
146 22
86 25
74 25
87 24
116 27
155 25
52 25
113 23
81 24
62 26
140 20
60 25
95 29
146 25
55 29
131 22
78 22
52 28
149 27
90 27
146 23
88 28
115 28
73 23
153 21
48 29
81 27
136 22
125 24
158 24
143 24
84 21
57 23
75 26
147 29
49 22
80 25
100 24
78 20
93 28
100 21
56 21
90 26
43 24
144 28
103 20
103 24
138 23
85 23
124 24
155 27
94 26
89 27
93 21
64 22
142 27
83 30
114 22
106 29
115 29
59 22
56 23
128 28
68 24
85 27
150 30
104 25
100 21
56 24
72 21
141 29
86 27
104 29
41 24
118 23
90 22
97 28
51 28
147 27
158 27
137 25
53 24
146 23
96 25
56 20
52 22
83 29
52 22
134 22
88 23
111 30
132 26
65 29
132 24
86 29
109 29
132 21
57 27
74 27
79 27
70 23
140 21
55 24
102 28
48 30
106 22
154 28
127 22
83 24
138 26
151 21
153 27
43 30
49 22
56 24
89 30
98 26
118 26
47 29
158 30
139 24
112 25
54 23
125 28
137 27
143 30
96 30
65 25
106 23
135 29
114 24
65 20
127 21
115 29
62 20
48 29
41 29
130 28
127 27
137 28
146 25
108 24
133 30
146 22
80 30
130 25
127 24
45 23
137 27
142 23
101 24
93 23
79 20
115 29
147 22
115 29
49 20
101 28
132 28
111 21
85 24
82 25
81 25
122 24
99 26
70 29
154 30
54 26
124 25
152 29
70 29
104 28
94 25
83 25
49 27
94 20
67 24
112 30
120 30
85 29
105 23
47 24
74 20
122 23
66 28
118 24
153 24
146 29
137 29
155 20
132 20
143 21
92 27
50 28
114 30
47 26
115 24
96 22
80 28
92 29
111 29
104 22
104 22
108 24
91 21
69 30
150 20
134 24
82 21
109 21
155 21
88 29
40 27
98 24
97 20
135 27
105 30
102 22
59 30
91 29
63 23
85 29
40 20
106 24
84 24
156 29
142 27
73 27
152 29
107 29
113 29
152 22
153 21
79 22
40 21
124 24
144 27
117 27
43 27
79 24
54 29
82 27
139 20
63 29
66 20
84 27
106 30
132 20
42 25
131 29
107 27
110 26
76 30
44 25
78 29
141 20
97 29
93 24
41 20
65 29
104 21
85 28
134 21
78 29
122 23
45 26
140 26
48 30
126 29
40 26
91 24
79 29
40 23
92 26
149 25
122 22
101 24
70 22
78 24
112 28
136 26
137 29
70 20
124 27
131 23
103 23
82 20
60 27
72 30
149 20
127 29
88 28
100 27
108 20
51 26
52 26
77 27
147 29
76 27
54 21
61 24
117 23
87 21
66 21
99 28
104 27
119 26
132 30
98 24
64 21
121 21
77 22
125 20
123 27
142 24
120 28
158 23
144 20
152 29
61 27
61 25
83 21
141 28
139 29
59 26
126 25
131 21
133 27
99 23
127 28
138 25
76 26
61 23
142 30
143 22
111 30
89 23
158 23
43 29
134 29
156 20
84 30
72 23
90 21
66 21
123 26
46 30
65 29
95 21
45 29
103 20
156 26
118 28
42 27
68 27
93 27
85 23
89 25
95 30
123 25
48 21
127 22
93 27
49 27
122 27
128 25
62 28
102 25
59 29
46 26
112 24
66 30
116 22
53 29
46 29
64 28
66 29
59 30
43 21
107 21
69 30
159 28
125 26
145 24
134 25
126 27
141 25
61 21
91 25
140 26
55 23
99 29
57 23
88 22
105 27
67 24
71 20
70 24
79 23
142 26
93 21
101 24
76 22
71 20
151 21
135 30
76 20
70 25
117 25
153 24
70 20
90 20
45 26
60 26
52 20
79 27
98 27
152 30
75 24
124 20
90 26
40 24
122 30
69 20
87 25
121 27
40 29
93 24
160 20
66 29
123 22
59 30
102 24
110 28
40 28
140 22
88 26
143 24
103 22
44 23
93 22
159 28
118 29
156 28
132 24
151 25
63 22
82 30
65 24
88 21
111 28
72 23
43 28
94 25
149 24
86 22
62 21
102 26
147 29
123 21
159 22
115 24
157 29
59 27
81 21
129 30
155 29
114 28
94 30
142 28
75 29
151 22
112 23
60 25
54 30
94 30
104 20
104 26
57 24
83 25
56 20
60 24
128 30
93 27
89 23
82 21
82 23
82 24
44 24
153 26
146 27
58 22
86 22
116 22
94 26
70 27
109 23
93 25
146 20
112 27
107 29
138 29
73 20
118 22
88 23
68 23
158 25
56 27
54 24
53 22
158 20
67 23
139 24
134 20
92 28
122 30
43 24
119 25
151 27
72 25
48 22
77 20
128 23
133 29
140 23
72 21
114 30
152 23
87 30
91 27
48 29
152 25
98 22
89 22
143 21
88 26
48 28
110 24
77 23
136 20
149 22
138 24
83 25
88 24
82 30
59 27
95 29
112 24
83 23
40 22
86 28
151 22
53 22
62 29
154 26
98 24
75 20
60 27
94 24
41 20
99 27
95 26
63 24
157 26
141 27
117 23
158 26
45 27
100 29
141 29
48 28
146 21
153 26
81 29
131 24
120 28
44 23
139 20
113 25
77 20
137 24
97 20
59 29
46 23
132 22
57 23
115 21
97 22
143 25
146 30
45 24
155 23
69 27
158 26
87 28
63 22
80 22
49 23
62 20
79 20
89 27
148 25
151 21
74 22
93 23
100 20
127 30
90 23
57 26
117 27
54 20
138 27
50 25
128 24
118 22
115 24
136 21
142 20
101 20
126 22
40 23
42 26
84 22
144 26
148 29
74 20
106 21
95 25
115 23
48 24
70 29
100 20
157 25
78 20
58 28
108 27
56 29
139 26
119 25
86 23
48 21
41 21
93 27
140 21
106 22
74 29
89 28
44 30
95 21
133 24
104 29
43 21
63 26
77 24
139 23
44 25
147 24
41 25
54 22
158 24
106 24
112 24
73 22
70 21
131 30
133 26
122 22
102 27
120 26
129 27
122 21
153 30
155 21
118 28
58 25
41 23
53 27
110 30
66 27
157 25
158 30
93 29
81 21
121 21
53 23
67 20
101 27
133 22
122 22
113 26
41 26
42 25
63 27
83 29
48 21
76 27
47 29
79 23
65 26
66 23
63 23
73 20
121 29
76 22
63 29
114 27
93 28
140 25
83 21
140 30
48 28
59 27
130 29
150 25
143 26
135 22
81 26
61 24
90 24
49 28
147 29
145 21
108 20
137 30
135 27
132 26
45 24
88 21
78 25
155 23
120 25
97 24
74 30
157 30
119 22
150 24
70 29
159 23
115 21
85 21
67 24
81 22
75 22
155 20
147 23
116 20
78 22
89 22
74 21
48 24
69 21
95 27
154 30
63 29
84 20
67 27
116 27
135 25
102 25
91 23
76 28
65 28
45 27
135 20
129 28
80 27
48 22
78 25
76 22
99 26
87 20
69 29
146 23
122 23
144 21
65 26
141 22
143 27
78 22
97 25
118 24
52 24
41 30
62 26
116 21
56 24
53 27
66 22
97 27
67 29
49 21
124 27
104 30
72 28
73 30
144 22
154 25
101 20
127 23
121 22
129 26
47 26
155 25
102 26
50 29
60 24
94 25
157 27
79 22
112 27
105 23
131 23
53 26
155 30
147 25
110 26
153 29
139 22
113 28
153 22
90 23
118 27
103 22
51 29
99 23
124 25
105 30
116 27
144 30
56 26
99 28
50 26
113 21
137 29
133 24
72 30
47 22
105 25
80 29
79 29
123 24
104 24
77 30
118 26
71 25
122 29
154 21
95 23
119 24
112 25
43 28
101 30
45 29
68 20
45 21
63 28
45 25
113 24
141 30
118 20
40 20
75 28
146 28
158 26
55 23
70 26
86 27
146 26
138 29
78 29
90 30
80 23
147 20
146 22
86 24
75 20
130 21
108 27
96 21
47 23
48 23
78 27
138 20
75 21
114 23
98 22
123 28
75 26
148 26
156 28
63 26
125 25
67 28
149 30
145 29
129 25
42 26
147 24
133 27
150 25
73 23
125 22
42 21
49 22
68 23
142 22
83 30
116 23
136 20
57 27
108 23
127 20
60 30
144 21
143 22
42 24
159 21
74 28
134 22
87 21
94 24
80 28
138 22
117 27
146 29
126 27
95 28
56 30
101 30
124 29
46 28
92 29
136 20
131 26
130 29
74 28
88 25
83 25
50 25
63 22
115 28
40 26
115 28
94 24
49 26
87 27
55 24
153 30
128 26
160 28
70 22
129 29
67 23
76 28
106 22
143 26
150 20
42 25
109 21
65 30
83 22
135 25
63 22
95 22
74 29
117 21
153 22
78 29
150 30
111 26
106 27
107 23
51 25
74 30
115 30
114 29
130 27
87 24
158 23
87 20
66 29
71 21
152 21
151 28
97 30
75 23
152 27
148 25
51 26
79 26
41 20
92 20
137 25
77 26
89 21
118 25
106 25
145 27
99 22
144 21
135 27
116 27
128 26
78 29
120 23
160 26
79 22
86 21
41 23
98 29
90 21
75 22
124 28
130 29
68 28
92 20
117 20
89 30
74 27
69 26
49 24
113 27
73 27
132 29
132 29
92 24
155 23
68 27
134 23
105 29
117 29
56 24
85 21
56 22
134 23
121 20
42 20
60 22
108 27
51 29
142 30
88 24
122 26
158 23
156 24
77 22
90 20
61 26
93 22
68 29
69 25
121 21
151 28
138 21
132 23
42 25
107 21
158 26
62 26
146 28
130 26
99 26
96 22
47 30
44 30
122 21
66 28
92 24
118 26
148 29
153 30
100 24
139 25
97 27
125 28
136 27
64 29
92 23
159 26
49 28
58 22
65 23
40 24
78 28
45 30
156 24
53 30
138 20
95 28
77 26
135 22
66 24
101 21
127 27
105 23
146 24
61 28
129 21
130 20
132 24
125 26
112 25
92 28
67 28
121 21
48 22
120 27
45 28
149 26
145 20
159 28
153 25
98 30
63 25
95 29
158 23
112 20
62 26
69 21
102 23
134 30
111 30
66 27
151 22
119 26
160 26
152 20
105 29
114 22
136 29
125 21
147 30
149 30
119 24
78 22
132 20
47 23
127 28
117 21
44 28
82 20
98 28
65 29
126 28
65 22
52 21
116 27
130 21
134 29
159 24
52 25
128 20
89 30
140 30
156 25
41 29
96 26
89 26
100 22
75 20
131 20
150 20
75 21
48 23
56 21
92 26
67 30
95 21
43 29
129 30
120 20
46 24
93 29
89 22
72 29
150 22
66 21
105 25
106 30
91 23
126 22
43 23
63 27
43 30
145 20
87 28
87 30
62 28
64 23
131 25
86 24
116 29
128 20
62 22
61 22
115 26
126 30
117 21
51 22
46 22
142 20
86 29
49 20
86 29
51 23
68 20
90 22
127 20
154 22
120 28
53 30
145 21
63 29
94 22
111 30
50 29
151 29
145 20
100 24
46 20
153 29
157 23
142 26
157 30
45 21
123 22
127 24
111 20
73 22
53 24
134 23
65 20
54 20
157 21
120 22
106 23
46 24
140 26
102 21
105 23
111 20
44 21
80 26
149 24
109 25
139 22
118 23
84 29
154 27
84 26
51 22
148 22
158 20
126 23
65 26
96 27
121 22
124 30
141 26
61 29
46 28
55 21
128 26
110 29
42 30
43 21
69 28
136 29
84 23
96 27
125 24
45 24
151 24
103 20
55 30
75 28
49 22
155 30
126 27
151 26
137 28
72 25
67 22
160 30
105 21
75 21
56 28
90 24
53 30
99 26
97 25
157 29
146 28
126 21
64 30
111 28
114 23
47 20
58 29
116 28
45 30
103 24
77 28
62 22
57 29
78 27
51 20
101 23
129 29
129 30
53 30
85 20
129 23
83 28
53 24
61 26
153 24
53 26
42 27
121 26
108 21
124 20
114 24
114 21
73 30
78 26
71 26
45 25
70 27
139 25
139 30
102 24
55 20
78 27
56 29
140 22
149 26
99 20
58 27
89 25
68 26
107 25
94 24
149 29
131 26
116 24
119 28
144 23
68 26
46 26
53 28
139 21
130 22
43 21
125 20
70 21
129 24
78 28
54 24
130 28
148 21
79 20
57 23
107 28
159 20
127 29
47 23
50 26
63 27
154 23
77 29
119 24
84 22
125 29
45 28
106 22
63 28
98 27
145 22
54 21
68 30
78 23
90 20
100 28
110 21
68 21
144 30
145 30
67 22
42 27
108 23
150 24
55 24
65 20
116 22
93 24
73 25
56 29
119 26
111 30
155 30
126 27
134 21
53 26
144 29
126 28
103 24
70 30
107 29
101 24
106 21
70 28
86 25
157 30
117 21
77 22
40 30
155 30
97 20
110 21
58 28
123 29
118 24
83 28
154 27
134 23
110 22
81 24
86 30
140 26
71 23
103 23
95 22
104 27
58 28
75 28
87 27
107 28
48 21
150 29
101 22
130 28
62 25
96 28
52 24
101 30
146 27
107 29
55 22
69 30
79 20
93 27
45 27
150 30
81 21
83 28
46 22
42 30
119 26
133 26
140 30
153 22
67 29
61 28
102 23
141 30
108 25
143 25
53 21
116 20
40 25
100 24
83 21
150 21
138 28
48 25
91 27
108 22
57 25
80 23
105 22
41 28
101 30
160 23
119 21
122 26
141 28
116 27
63 23
123 23
134 24
110 22
144 20
103 20
120 29
111 20
62 28
103 29
101 24
40 29
140 21
104 21
110 27
98 24
84 25
108 22
149 25
64 23
89 24
83 25
143 28
102 28
79 23
52 25
57 30
107 21
45 27
116 30
89 20
102 25
56 27
98 22
81 22
131 24
57 21
98 30
157 25
143 20
140 28
107 23
106 21
110 22
119 30
41 28
140 22
70 30
114 27
96 25
105 28
122 20
77 26
57 30
99 29
111 25
114 22
100 29
147 20
123 29
124 21
110 24
86 24
61 21
105 30
141 23
47 30
97 23
100 25
101 29
43 25
118 26
142 30
46 27
66 22
148 27
150 29
137 29
110 24
74 23
89 24
53 24
152 21
85 26
62 24
109 24
97 28
93 26
41 24
142 30
49 20
160 26
72 25
90 26
103 29
104 26
150 27
123 27
99 25
97 26
104 28
150 26
80 24
65 29
42 27
120 25
146 27
68 27
116 24
129 29
67 20
97 28
48 30
107 20
109 21
97 28
88 20
143 28
100 22
88 22
99 26
103 27
149 27
92 22
50 24
136 20
146 30
89 23
50 27
75 20
82 28
154 20
139 24
56 29
71 30
110 23
130 28
53 25
63 21
127 26
84 30
137 27
146 20
118 29
116 25
69 26
101 25
42 22
48 21
135 22
44 22
133 29
127 21
97 27
145 27
120 29
52 28
157 22
135 30
126 20
150 24
96 21
60 21
115 26
105 20
98 27
136 20
40 27
67 25
160 24
77 29
54 25
53 28
117 21
141 28
63 22
119 21
136 26
52 27
41 29
137 30
114 25
155 20
47 22
157 28
58 25
140 30
108 23
80 30
96 29
123 27
41 27
103 27
83 21
156 25
115 30
92 29
87 25
81 20
99 23
94 22
149 25
69 29
42 24
79 25
100 27
75 21
128 23
68 23
63 21
109 23
55 26
121 28
124 26
81 26
124 28
149 30
130 27
156 25
126 29
145 23
135 20
151 20
160 29
44 26
123 24
106 24
119 20
160 24
101 25
144 25
103 21
83 20
145 25
141 22
56 20
139 22
157 22
78 27
160 22
128 20
127 24
149 28
106 20
94 27
42 26
130 28
142 23
53 30
48 28
128 24
133 22
62 21
143 23
158 28
77 30
57 23
56 25
159 24
158 21
75 22
111 29
94 26
121 28
115 22
54 24
156 29
41 22
130 24
140 24
128 25
49 24
105 30
141 24
67 29
59 30
53 24
144 23
52 23
114 24
140 25
154 23
91 30
135 26
154 22
94 26
68 26
56 28
103 23
157 24
132 28
49 22
109 21
80 22
136 22
148 24
138 21
75 24
135 27
122 27
146 30
140 28
124 21
55 21
44 22
61 20
110 27
83 23
96 25
85 28
50 27
92 24
84 27
92 22
129 27
107 20
148 29
100 28
120 23
41 21
57 29
41 28
80 20
112 20
90 26
56 21
64 25
92 30
97 20
105 25
119 25
89 20
110 22
78 24
135 22
87 28
45 24
50 20
67 20
101 25
158 21
43 24
45 23
42 30
160 23
80 27
142 21
119 21
153 20
78 24
51 20
88 29
125 29
86 26
80 28
86 30
153 25
47 25
121 28
86 26
78 20
109 24
94 26
71 27
112 27
132 23
146 23
113 22
97 23
144 21
41 23
53 26
88 23
96 26
129 30
145 30
141 21
135 30
126 21
50 26
109 27
80 21
59 20
85 21
159 28
101 27
53 28
87 23
124 27
159 24
96 20
110 24
135 23
88 29
69 26
52 20
142 25
121 25
129 23
49 23
158 24
128 21
136 22
59 23
95 22
105 25
68 21
78 29
62 20
107 23
140 27
90 22
141 27
79 28
158 27
59 26
65 27
46 28
97 27
116 29
73 24
62 27
155 26
92 23
106 21
142 23
83 29
147 27
158 27
98 20
152 25
68 23
71 24
115 29
159 24
40 29
69 29
81 21
104 25
50 26
117 25
50 30
44 29
151 29
71 28
66 20
40 27
134 26
59 23
59 21
85 21
133 28
127 26
95 29
44 28
71 21
149 23
112 30
55 23
83 24
68 23
91 28
102 24
53 23
96 26
73 23
157 23
40 23
115 25
55 22
121 25
126 21
112 21
113 26
124 29
133 30
82 21
137 22
102 20
99 28
125 26
105 23
50 25
124 25
129 21
124 26
57 20
95 21
137 26
51 28
66 20
132 27
114 30
134 28
150 29
131 29
91 23
104 30
44 24
45 29
48 30
57 27
63 30
53 21
150 28
56 22
158 26
62 29
157 27
124 30
76 24
66 25
130 25
154 22
125 27
122 27
100 23
154 27
52 20
120 28
102 27
127 21
134 29
51 29
132 23
77 24
131 22
58 24
128 21
104 30
101 20
113 20
113 30
47 23
93 25
124 24
112 29
99 20
119 27
119 29
154 22
67 20
155 26
98 24
61 20
61 30
65 26
93 21
159 25
92 25
146 25
50 23
103 29
43 28
76 23
66 27
57 29
134 21
68 21
149 28
125 21
143 26
145 26
45 27
102 24
83 25
82 27
46 29
92 21
76 23
134 20
77 28
82 23
110 26
47 24
59 23
75 28
59 27
100 27
136 30
112 26
128 22
92 24
42 30
86 24
91 26
117 23
70 26
108 23
100 27
54 30
134 23
71 20
128 29
153 30
88 26
83 22
145 20
112 27
120 25
66 26
60 21
72 29
56 27
81 20
56 24
124 27
149 28
51 27
43 27
156 20
155 20
56 27
108 24
89 21
77 21
155 25
158 22
112 21
94 30
106 22
41 26
113 30
134 25
146 22
107 24
56 23
44 29
49 28
158 26
151 24
139 21
90 29
136 28
142 23
105 30
94 22
150 22
52 24
72 20
117 27
91 27
138 21
111 22
108 28
78 30
62 30
101 23
130 23
158 22
80 27
146 20
69 30
126 21
94 27
77 30
114 20
99 22
121 22
149 30
117 29
97 21
147 25
95 25
116 27
48 21
131 26
117 24
78 28
111 23
150 25
146 26
60 24
62 30
126 22
126 20
73 27
