122 30
62 27
153 25
132 20
76 24
70 26
71 25
116 23
61 27
132 22
49 29
121 21
159 27
40 28
85 22
102 29
72 20
91 30
56 21
53 20
58 21
54 22
59 26
130 25
123 30
78 20
62 26
96 21
57 26
66 30
111 24
84 22
131 24
133 25
136 23
134 28
115 28
109 24
141 30
140 30
94 22
46 30
139 29
152 22
100 30
94 24
49 24
157 27
102 29
135 26
65 21
41 23
51 29
72 20
42 24
46 29
110 21
68 25
147 29
116 26
129 27
75 20
58 23
50 24
79 29
114 23
144 29
144 30
48 22
145 25
99 25
109 29
129 26
135 25
149 25
94 20
111 20
104 21
51 28
131 28
148 20
90 29
87 23
89 25
43 23
70 21
78 27
71 22
107 26
113 26
112 23
125 27
56 26
85 21
90 29
87 27
104 27
89 24
84 21
106 28
66 20
54 24
103 22
119 20
79 24
155 28
100 29
50 29
142 21
104 22
147 25
71 20
157 28
72 27
98 23
139 25
156 27
98 26
103 26
78 28
52 20
155 22
143 24
47 29
152 28
110 20
132 28
82 26
136 24
101 28
73 28
144 26
84 25
115 26
157 25
82 28
52 23
59 27
67 21
41 22
157 21
112 24
112 24
154 20
69 27
154 27
143 24
120 25
55 21
137 29
130 23
61 26
93 27
59 23
151 30
72 24
95 26
67 24
77 23
81 24
84 25
134 30
133 30
83 20
87 29
42 27
114 26
101 28
73 20
44 26
133 22
138 23
117 28
156 29
158 29
147 28
130 23
53 26
62 26
83 22
96 28
79 23
104 26
47 29
149 23
44 26
49 27
59 30
124 22
84 27
69 24
117 25
145 24
85 22
141 30
116 30
76 23
128 28
62 25
52 23
75 20
60 27
45 27
145 28
148 23
89 21
154 23
103 23
117 30
97 25
129 30
68 21
69 20
72 25
62 30
122 29
159 24
148 25
154 21
126 24
92 25
146 28
147 23
133 29
49 27
72 30
128 30
108 24
145 28
77 23
47 20
106 23
73 20
112 22
157 24
107 28
145 23
151 27
71 30
47 29
149 25
132 22
84 30
85 25
118 30
137 22
121 30
42 20
93 28
79 27
154 20
63 25
111 23
160 27
72 24
51 23
122 21
47 25
104 21
57 27
108 25
71 21
139 27
138 29
132 26
57 30
53 22
124 26
54 22
94 27
121 29
126 24
121 29
125 22
144 29
89 24
82 28
62 23
146 21
155 30
90 30
159 26
89 24
89 23
52 30
91 30
155 23
115 26
105 27
43 21
67 27
134 24
82 29
41 29
85 23
158 24
54 20
59 20
51 28
56 20
158 22
156 24
59 28
134 29
122 23
106 26
137 29
140 21
77 21
102 29
139 22
76 21
140 21
107 29
139 25
117 24
105 28
56 22
60 23
121 30
120 21
98 30
57 23
127 20
137 26
71 30
156 26
81 24
56 30
90 27
72 25
90 20
127 28
141 27
146 30
50 23
134 24
123 22
110 25
58 20
54 30
118 24
40 30
67 28
153 25
103 20
122 22
117 22
107 28
70 26
62 21
72 28
84 26
42 21
85 27
126 26
71 27
137 21
116 23
74 30
114 23
86 29
111 25
45 26
93 30
122 26
113 30
70 28
50 26
90 24
125 20
158 20
139 27
122 23
54 25
110 26
80 20
150 27
90 22
90 26
40 22
84 25
85 22
153 22
48 21
94 20
129 21
66 20
82 26
110 29
101 22
61 28
134 25
102 21
83 24
52 26
70 25
129 28
113 20
144 30
156 21
107 27
88 24
103 29
96 30
116 28
145 28
62 25
113 29
90 26
144 22
53 22
71 21
118 23
47 20
45 26
91 25
78 29
146 23
129 27
123 30
145 21
154 30
51 23
157 20
72 23
129 23
112 28
131 29
123 23
112 25
155 22
88 23
47 25
93 20
145 21
134 30
98 26
78 29
75 20
61 21
100 26
104 23
67 28
42 26
44 23
158 22
88 21
44 29
85 20
93 29
60 24
122 21
79 20
62 27
123 23
56 27
62 20
153 28
76 28
74 21
68 21
158 25
105 27
155 26
40 28
121 22
123 20
61 26
81 28
74 23
128 20
158 29
89 27
82 21
149 27
104 25
118 28
89 27
94 29
153 27
54 28
115 28
133 26
124 27
53 22
45 21
43 29
146 24
73 25
133 30
59 21
133 23
135 25
61 26
156 24
133 28
144 29
138 25
91 28
133 21
44 21
98 26
63 22
58 24
91 23
133 20
69 27
132 20
143 25
144 27
122 23
98 29
112 29
94 28
105 27
156 24
78 26
68 25
50 30
58 28
45 28
130 21
109 27
71 26
134 21
138 24
89 24
103 24
90 28
64 21
132 20
42 28
146 27
157 30
41 25
84 28
129 21
84 26
69 26
112 25
75 20
133 26
44 27
90 26
131 24
143 25
134 25
114 27
122 22
42 23
95 22
57 30
152 27
74 27
81 21
72 22
97 24
120 20
104 24
96 26
69 23
61 27
153 27
158 27
48 20
71 21
57 27
102 20
121 25
68 22
81 27
159 27
96 22
135 30
118 23
78 24
42 27
112 27
40 26
82 22
98 30
144 24
147 27
153 26
124 25
48 20
116 29
49 23
115 23
44 28
74 30
70 27
48 25
97 23
60 30
135 22
58 24
99 20
62 25
109 20
131 21
151 26
135 21
44 23
116 28
58 30
56 25
138 26
145 25
76 24
95 25
155 30
126 26
54 27
136 28
46 20
160 24
78 27
152 22
109 28
95 29
150 25
148 29
101 24
95 28
105 20
71 26
114 20
156 23
66 22
130 27
49 21
103 24
46 23
117 27
42 28
40 23
81 29
76 20
71 29
131 24
50 28
55 28
114 30
84 29
91 25
120 27
129 22
89 25
91 29
106 21
120 27
131 24
50 20
104 28
42 23
137 28
40 24
103 23
77 20
50 29
117 26
140 26
107 30
52 24
57 21
120 22
154 29
49 30
62 26
58 30
139 21
119 27
120 28
71 23
85 26
106 21
85 21
109 29
85 24
81 29
105 22
142 28
113 30
159 27
131 27
132 20
118 20
115 22
110 27
54 30
63 20
122 26
85 25
126 28
149 28
146 20
86 23
114 20
56 21
56 21
102 29
102 21
47 24
133 28
95 27
72 27
139 20
42 21
114 23
118 21
86 22
111 30
120 29
85 21
45 22
148 24
75 30
114 22
100 26
111 22
73 23
62 22
90 27
104 23
78 27
117 26
99 30
69 21
146 27
66 22
80 28
103 26
64 30
72 22
84 29
113 27
150 20
105 24
71 26
105 28
136 25
94 25
137 22
153 20
146 23
100 23
90 25
151 28
86 26
93 26
50 22
101 25
121 26
87 28
116 27
86 23
142 25
146 27
134 21
114 23
97 24
92 25
146 24
112 29
115 21
100 28
154 26
58 27
150 23
84 24
87 29
147 21
116 28
127 29
149 27
155 22
98 30
87 29
123 28
42 27
79 29
68 27
75 26
58 29
83 21
119 29
128 24
142 20
110 28
95 30
110 28
87 27
155 21
75 25
101 23
99 26
119 23
98 30
118 20
118 21
55 27
82 28
145 22
153 20
95 27
85 26
57 26
45 22
55 26
57 23
120 23
81 29
61 25
142 21
138 25
118 21
78 22
105 21
72 24
65 24
46 29
117 28
109 21
106 30
49 28
156 24
58 26
130 28
78 23
50 29
122 22
124 21
125 22
127 28
75 22
67 24
71 20
159 29
143 21
40 27
52 27
101 24
65 23
67 20
141 28
150 20
98 26
65 26
63 30
76 26
130 21
125 22
87 21
128 26
158 20
73 29
49 30
158 24
41 22
155 20
65 25
125 28
59 27
134 21
148 30
79 21
76 25
129 30
119 20
66 20
126 27
85 25
109 22
88 24
141 25
128 22
155 24
86 21
160 25
76 20
149 21
86 27
55 27
40 23
76 29
106 25
63 23
117 20
70 25
87 23
125 23
87 23
47 20
122 24
151 28
98 20
113 22
40 28
42 27
87 20
84 30
96 23
158 24
112 22
81 20
133 25
41 23
94 25
132 27
116 22
144 27
111 23
105 27
159 30
110 28
47 21
141 24
137 30
41 30
81 25
60 28
56 22
156 29
129 24
119 23
48 28
96 29
48 20
101 22
112 26
112 28
138 26
112 23
114 26
132 28
47 22
127 30
90 28
139 23
55 29
123 26
105 23
142 24
83 21
95 25
107 28
49 21
92 20
40 25
150 20
119 28
40 22
122 28
117 25
131 29
94 27
156 21
51 30
123 27
92 29
130 22
154 23
110 20
148 22
108 27
106 23
126 23
141 29
79 30
127 21
126 30
44 24
128 23
140 25
80 23
40 30
97 24
119 22
95 23
120 28
59 22
48 26
128 26
55 26
124 20
141 26
114 22
61 27
103 21
83 23
59 22
55 29
156 21
50 28
41 28
67 29
90 30
140 24
77 20
110 20
69 23
97 23
44 29
88 29
110 24
76 26
102 20
111 28
160 25
119 22
82 30
43 27
89 22
76 23
60 20
94 25
141 28
66 26
144 28
127 20
71 21
115 20
83 27
93 20
51 20
144 21
138 23
87 24
70 27
51 27
106 28
80 22
110 27
50 20
81 24
60 24
49 27
98 26
156 20
158 22
140 25
148 28
141 22
136 21
88 24
115 30
148 21
56 24
144 23
66 25
91 30
63 29
140 23
126 30
89 25
97 23
150 22
115 22
156 25
47 20
75 30
71 24
80 22
92 21
114 20
107 29
48 27
88 20
135 21
62 27
58 26
96 28
40 30
142 22
155 27
50 29
106 25
154 28
66 24
153 28
121 23
88 24
67 23
100 23
107 22
43 23
111 30
61 26
137 26
129 20
154 24
145 20
127 23
141 21
85 30
55 28
157 28
51 20
92 28
41 22
153 20
125 28
120 20
71 21
125 22
144 30
65 23
68 27
150 28
104 30
103 22
145 28
150 29
133 23
135 26
82 29
116 30
140 28
156 29
40 27
157 26
153 22
111 29
67 27
43 27
84 29
149 25
129 27
137 22
61 30
153 24
125 22
92 21
85 24
133 21
62 24
141 22
74 27
136 22
47 20
83 21
70 30
96 30
131 20
71 20
141 22
151 22
99 24
137 20
78 30
62 28
95 20
61 24
42 28
95 27
125 28
73 28
141 23
130 28
151 20
118 20
154 25
64 25
74 29
158 22
120 26
109 27
105 30
77 23
113 23
160 23
127 21
154 29
154 23
86 20
118 20
87 21
67 28
119 20
153 25
92 28
108 28
58 30
50 26
127 20
155 27
139 22
82 30
61 21
101 26
40 29
60 25
159 24
42 26
127 23
109 27
123 29
150 21
109 30
58 27
44 29
85 30
142 22
136 23
91 21
62 27
81 26
82 30
133 30
99 30
40 27
98 29
56 30
77 25
131 30
89 27
126 27
155 24
133 28
130 30
128 25
138 29
78 29
76 28
135 25
113 22
47 23
153 30
96 24
95 24
74 23
73 26
152 28
45 25
82 24
49 28
156 28
117 22
158 25
71 27
137 25
128 24
49 27
98 24
53 28
137 20
112 23
65 23
124 25
140 23
52 30
89 26
145 28
62 23
60 20
85 27
132 25
61 25
61 21
67 21
124 23
146 24
58 29
132 26
99 23
69 27
128 20
121 26
97 26
92 23
146 23
125 25
86 27
56 20
88 22
98 23
131 22
152 25
91 21
99 22
112 21
126 29
151 28
100 27
94 29
138 26
89 29
88 27
62 27
140 26
146 29
58 30
102 24
74 25
130 26
138 29
148 30
98 28
74 29
149 23
53 30
54 22
78 20
110 30
149 28
97 29
117 23
160 26
120 28
113 23
42 28
67 28
81 24
103 21
137 26
116 23
109 24
155 21
57 25
152 28
138 22
97 25
41 25
63 25
77 25
75 27
63 22
95 23
134 27
118 25
51 24
138 22
83 30
45 30
42 23
74 25
42 25
60 28
40 28
157 29
88 23
152 27
54 24
79 21
149 25
110 28
98 24
100 30
61 21
74 23
149 22
81 27
66 29
90 25
152 23
89 30
117 23
72 29
67 28
85 29
98 29
133 27
96 27
129 27
148 26
88 30
64 24
86 20
123 20
97 21
153 21
72 21
57 27
59 29
131 22
84 29
43 28
51 20
143 29
139 25
120 30
44 26
138 28
111 22
44 21
111 27
40 27
118 23
116 25
72 26
50 24
75 24
58 28
140 29
94 27
109 20
63 30
136 21
103 30
119 21
80 23
60 30
108 20
115 26
61 22
113 23
82 21
94 24
79 22
159 25
145 26
52 24
125 21
121 29
108 24
61 27
95 21
61 20
97 28
71 25
153 30
147 24
159 30
119 20
85 27
140 20
157 25
102 28
80 21
72 29
102 25
44 23
154 22
154 20
118 27
44 24
152 24
68 24
119 20
109 22
157 25
144 26
159 25
76 21
117 21
90 27
89 27
126 23
47 24
65 24
112 22
100 29
102 29
77 22
93 26
152 20
114 21
132 26
121 30
43 27
157 27
138 30
116 23
137 27
113 25
72 26
53 30
64 26
68 23
75 26
123 28
63 28
83 26
58 30
72 26
52 26
59 23
134 28
141 30
60 25
153 28
154 29
122 27
139 26
108 24
64 23
129 21
49 23
70 23
54 25
87 20
132 30
126 26
107 20
145 29
48 22
132 23
62 28
122 30
103 26
87 29
45 27
160 25
55 27
142 22
97 30
116 22
149 23
109 20
100 29
86 26
104 21
148 22
52 30
76 20
102 27
61 26
68 20
46 21
130 30
135 24
119 23
103 30
108 29
93 27
97 20
122 21
54 24
123 30
64 24
87 27
122 22
103 26
131 27
56 26
86 23
156 30
77 30
115 20
52 20
49 30
123 23
143 30
115 20
148 28
88 29
106 25
134 29
96 24
75 27
99 20
43 20
63 27
119 21
73 29
62 24
85 30
122 21
147 29
80 27
160 23
84 23
59 27
136 20
115 29
133 23
46 27
129 25
125 25
87 22
134 21
160 21
122 23
79 27
117 26
106 20
95 29
124 23
85 30
123 27
114 20
108 29
45 22
64 21
46 28
95 25
160 26
83 20
107 27
126 29
40 25
108 26
91 22
158 28
132 24
63 27
65 26
146 30
103 22
143 26
86 23
148 24
69 28
77 25
114 24
97 29
59 23
42 22
88 26
108 28
107 30
159 22
134 22
60 22
119 29
91 21
112 26
53 27
119 22
110 29
96 20
137 29
106 29
65 27
83 22
85 28
104 24
132 23
77 23
40 25
158 24
146 30
144 27
71 27
108 24
43 24
142 27
122 26
146 26
62 29
53 20
87 27
124 23
146 27
53 21
104 29
81 26
79 29
93 24
111 28
43 25
104 28
65 22
153 24
150 25
103 29
60 24
43 20
147 30
105 29
97 21
103 23
129 21
154 28
153 28
149 21
48 23
110 26
54 22
100 30
56 30
56 26
68 23
83 23
113 30
64 24
96 27
135 29
157 22
91 22
60 29
130 22
67 30
89 25
146 24
107 22
80 22
69 22
98 21
125 28
78 28
130 25
56 28
152 21
105 29
136 23
139 26
54 21
144 20
99 21
47 30
107 21
76 21
141 21
87 29
51 27
91 25
126 27
100 21
120 20
69 22
144 27
45 27
60 30
108 29
52 24
112 21
114 25
95 21
107 24
147 21
42 28
111 27
106 25
126 24
73 29
90 21
135 20
66 21
122 20
81 23
44 27
122 29
157 28
64 22
59 23
137 20
63 23
148 22
48 24
83 21
107 26
79 23
156 28
88 21
54 22
143 23
137 27
84 21
55 30
77 28
69 24
54 22
44 21
109 29
66 21
80 23
71 26
138 27
102 30
48 26
152 20
50 23
66 22
63 21
47 30
89 28
74 23
108 26
51 28
76 21
115 29
40 23
101 22
107 28
90 28
71 24
46 22
46 29
82 25
146 21
44 24
160 26
142 28
49 29
111 22
133 21
137 21
95 26
110 29
109 29
59 21
44 26
76 24
153 27
158 25
58 20
160 26
142 21
97 22
45 29
114 29
53 22
160 30
142 26
126 25
105 21
126 20
97 24
117 29
108 30
136 24
74 27
46 22
131 25
134 28
139 25
112 23
100 23
68 22
121 24
47 27
138 23
141 24
108 22
42 29
156 26
75 27
70 28
93 28
143 20
65 26
116 23
41 21
49 21
134 23
72 25
112 26
121 28
68 26
154 27
89 23
85 26
138 26
70 27
43 30
46 30
120 28
51 30
59 24
87 29
71 26
131 29
148 26
84 25
40 28
143 25
141 29
135 20
144 24
132 20
48 25
119 22
108 29
71 21
125 21
41 23
58 29
53 29
139 28
56 28
112 20
121 25
74 21
61 21
149 20
105 20
153 29
101 25
41 29
135 30
143 26
97 28
132 20
89 28
143 24
118 23
93 23
129 22
137 23
128 23
134 20
139 29
141 25
121 30
158 22
105 25
110 29
40 20
112 22
123 20
121 30
95 20
66 21
84 20
124 23
54 28
148 29
73 20
88 22
121 20
144 30
56 29
59 22
92 25
150 23
93 29
101 25
101 21
64 26
149 30
150 30
143 22
85 30
90 20
48 23
88 22
111 30
48 24
87 24
96 28
146 27
141 26
155 29
68 22
148 25
43 30
45 28
134 27
160 26
90 30
58 30
115 26
109 25
70 21
69 21
57 22
151 24
147 24
81 26
148 29
53 21
76 29
92 21
123 27
136 23
120 21
152 26
128 21
97 20
94 20
129 28
82 20
101 26
131 29
153 23
80 20
119 24
78 29
124 23
159 27
102 30
99 23
105 30
80 28
147 23
57 30
113 27
84 22
101 26
159 27
67 26
47 29
48 21
54 24
89 27
146 28
40 23
115 20
92 22
148 24
108 22
139 23
75 23
88 23
77 27
113 30
46 28
50 21
131 30
155 30
97 27
55 25
46 22
54 23
143 22
151 24
150 20
113 21
100 27
94 24
125 21
121 20
144 26
155 29
77 25
129 23
41 27
76 23
65 26
154 29
83 21
140 25
151 28
56 26
75 26
160 28
113 20
143 23
61 30
41 20
89 29
100 28
60 20
83 27
84 30
100 30
120 28
147 23
102 24
126 29
133 22
122 23
100 26
48 25
112 28
138 20
98 28
118 29
115 22
73 29
153 28
110 24
82 24
87 21
136 30
127 25
119 22
84 21
112 29
141 22
62 29
118 28
87 23
145 23
136 21
100 30
127 24
118 26
130 24
108 29
52 29
132 24
157 30
80 23
44 24
106 20
72 21
77 27
155 23
77 30
104 28
42 26
132 27
114 25
70 29
68 28
79 21
61 29
125 20
126 20
83 29
63 22
45 22
64 21
104 21
159 29
47 28
45 23
97 21
59 29
84 23
86 27
114 22
126 26
160 29
48 21
159 29
120 27
144 25
132 25
45 24
111 30
68 24
54 26
93 21
57 30
156 28
117 29
90 24
134 24
116 25
136 21
122 20
156 28
143 30
130 20
86 29
115 27
66 26
156 28
136 24
113 26
68 27
114 23
79 21
89 21
149 24
111 22
63 25
121 28
85 27
135 22
43 26
132 20
131 29
152 21
91 24
64 23
64 28
133 22
145 23
106 22
59 27
56 30
130 28
97 24
53 21
124 27
64 25
65 22
84 29
131 27
69 24
144 24
159 20
44 27
160 27
93 28
144 30
40 25
77 24
73 23
115 28
73 21
125 29
154 23
128 23
98 25
158 22
70 23
106 29
90 29
129 23
147 22
40 25
120 29
149 23
138 24
147 21
120 30
155 20
73 28
131 30
84 22
138 30
71 21
62 30
122 24
81 23
103 29
159 27
97 29
70 27
95 30
154 28
126 25
53 20
53 23
126 27
134 29
49 20
106 20
128 24
57 21
150 28
153 21
76 23
90 22
156 25
110 30
155 24
92 29
125 21
107 24
120 29
78 21
52 25
119 27
145 23
113 23
118 20
83 21
127 22
154 21
60 27
44 27
40 25
127 27
144 28
150 30
122 28
112 30
139 24
61 22
157 30
111 25
149 24
84 30
129 28
90 30
65 20
78 24
85 29
141 28
116 22
73 27
105 30
91 29
115 29
67 30
61 22
133 29
41 27
79 21
124 22
69 22
56 27
82 27
89 24
97 21
78 22
124 27
78 27
136 30
61 24
150 22
73 29
159 26
87 29
82 23
118 26
101 25
62 22
137 29
49 28
136 25
44 29
137 21
82 24
126 29
142 28
77 20
68 20
105 20
145 26
151 24
58 25
62 30
140 27
78 21
86 24
78 26
90 23
113 27
71 23
152 30
86 24
58 29
71 30
71 21
122 28
58 20
73 23
144 30
48 20
66 24
129 20
144 24
111 27
104 28
74 23
103 20
157 22
59 27
61 29
144 29
124 30
93 26
93 23
81 30
160 23
87 20
117 27
65 24
130 26
149 22
58 27
108 20
96 27
64 27
57 24
108 29
47 21
100 24
129 24
150 30
133 22
154 27
115 30
151 24
116 30
124 23
149 30
74 21
143 24
114 24
106 20
100 21
158 22
65 24
75 28
55 22
111 24
87 27
61 25
135 29
143 23
132 29
146 24
91 21
108 24
49 22
133 23
137 22
94 27
47 22
83 24
45 26
149 24
144 28
131 23
56 24
55 26
52 28
63 28
54 27
57 26
62 29
83 28
45 25
64 27
134 28
144 27
104 26
150 30
150 20
47 20
156 26
145 21
108 26
53 20
148 23
46 20
61 26
148 22
83 26
155 24
40 24
96 29
148 25
101 24
129 22
64 25
138 26
78 24
63 21
48 30
152 21
108 26
86 22
121 27
105 20
88 25
126 22
139 28
130 21
85 26
90 23
143 30
104 23
110 25
45 25
78 23
62 30
57 27
69 22
135 30
110 25
149 29
155 21
122 22
126 24
95 24
67 29
157 27
98 20
42 29
83 26
95 21
100 30
122 23
81 23
143 23
146 26
156 30
90 26
86 21
108 21
52 22
87 25
77 22
69 30
155 25
85 28
100 21
91 24
105 20
83 23
113 29
63 28
76 23
52 20
149 21
108 27
81 28
132 29
67 24
44 24
40 25
65 22
115 26
42 20
89 27
123 28
62 30
77 24
77 24
110 24
154 25
141 29
79 26
123 21
119 24
140 26
133 20
152 23
76 21
