78 25
52 28
123 23
40 20
82 24
118 24
93 23
71 27
87 29
128 30
76 23
160 29
101 23
140 27
46 22
130 22
111 30
52 29
121 27
133 28
158 23
141 22
71 25
61 29
115 25
127 29
54 28
46 20
80 25
66 25
102 28
135 27
94 26
84 25
56 21
107 23
46 24
76 21
97 30
40 22
80 24
42 27
97 22
50 26
154 22
158 28
149 27
114 29
114 22
147 26
47 25
160 21
42 29
61 30
115 29
74 26
156 21
64 24
42 27
49 20
51 29
73 29
129 29
90 30
73 23
51 20
59 24
109 28
145 26
61 26
153 29
133 29
105 20
72 26
109 25
66 26
142 21
112 30
99 29
78 21
74 22
121 29
81 20
53 20
94 23
88 22
110 30
82 28
156 24
62 29
67 21
136 23
135 29
85 27
53 24
144 27
101 25
103 21
69 27
120 27
105 20
134 27
123 29
45 23
94 26
155 24
148 30
79 24
73 28
60 24
112 26
85 21
119 30
119 24
128 30
108 26
145 27
77 26
80 22
137 27
91 20
114 23
129 30
89 23
96 26
58 29
86 20
52 22
155 26
139 28
67 27
89 30
74 28
131 20
154 30
104 28
124 28
42 21
93 21
107 22
137 28
44 26
156 21
142 23
58 22
111 26
146 28
149 28
135 28
58 23
71 25
60 22
70 30
69 25
43 22
102 25
103 20
135 22
59 25
103 24
128 20
118 23
73 21
95 25
116 25
60 22
160 26
118 24
130 28
80 25
115 30
83 23
46 28
106 20
98 30
99 22
159 25
142 21
147 24
57 29
130 24
112 30
57 30
157 28
48 24
75 27
151 27
109 29
69 21
50 21
125 29
41 21
84 30
106 29
64 26
76 21
103 25
52 30
71 23
99 29
47 27
93 25
52 24
110 21
150 27
77 21
139 24
65 20
49 21
147 21
72 21
125 22
121 24
143 22
79 28
151 21
80 24
139 21
92 25
105 28
128 21
124 24
99 23
138 22
52 25
87 26
74 26
92 22
68 20
68 20
82 30
149 21
149 24
93 24
41 21
120 23
50 30
65 29
65 26
160 30
46 29
132 30
94 20
43 28
138 28
114 22
67 21
123 29
96 30
104 25
126 26
51 23
54 25
93 25
59 26
86 23
110 28
121 22
81 26
84 27
58 30
88 27
97 29
51 29
85 20
109 29
143 23
152 27
131 26
113 23
160 24
108 20
72 22
126 22
125 21
83 26
64 23
43 22
92 27
72 22
74 26
86 20
104 28
143 25
90 23
48 24
139 22
42 25
149 25
72 23
152 29
101 21
86 23
127 28
135 29
47 24
75 26
154 22
47 28
92 22
137 23
87 28
100 25
73 29
142 23
133 30
85 26
109 25
109 24
53 30
133 30
140 24
70 21
125 23
135 20
71 21
149 22
66 28
158 28
108 30
121 24
47 21
107 25
83 25
65 26
123 24
93 30
72 24
64 27
57 21
54 23
55 24
148 23
151 24
99 23
141 27
159 26
117 25
109 27
102 21
155 25
155 23
107 20
70 21
76 26
98 25
56 26
119 27
86 30
131 23
86 23
74 20
147 26
109 23
62 24
104 30
92 24
56 29
138 28
126 29
159 23
53 24
145 27
153 26
61 30
76 20
114 21
150 21
112 26
55 21
102 28
158 26
42 26
138 30
123 24
64 22
117 21
50 23
153 27
127 26
78 20
59 21
83 24
123 27
102 22
126 20
50 30
92 21
125 26
95 30
118 23
73 25
109 24
50 25
84 30
87 25
143 28
60 30
105 28
40 27
81 22
118 23
69 30
65 26
154 28
135 21
111 22
54 28
101 24
140 30
69 28
137 21
154 21
72 27
114 30
132 22
72 23
115 26
71 21
104 25
72 28
91 26
50 26
42 24
48 25
47 22
84 23
124 27
75 21
122 29
118 25
56 27
100 24
97 21
146 23
119 30
145 29
48 21
154 23
81 27
62 24
99 28
57 28
141 29
65 24
58 29
88 30
45 26
143 26
129 26
128 21
41 28
58 29
67 26
56 26
151 27
59 24
82 30
104 28
45 27
133 29
74 23
141 29
110 30
76 24
82 29
89 25
94 29
137 29
113 30
76 25
102 21
69 21
150 25
130 23
118 21
73 22
87 24
156 24
78 27
151 21
111 29
81 26
52 29
113 22
49 29
102 30
158 20
62 26
136 28
55 20
96 20
97 28
112 23
122 20
119 22
64 24
70 30
57 28
97 20
118 21
160 24
72 26
101 22
99 27
99 27
117 24
76 27
111 30
52 21
71 27
150 22
92 25
160 30
46 27
101 23
66 30
118 30
156 30
107 27
142 29
135 26
158 26
67 27
71 27
128 23
73 27
98 22
56 21
118 29
148 27
78 22
91 28
129 30
109 29
128 30
114 27
49 27
60 22
85 21
49 24
63 26
55 30
115 20
109 23
128 30
136 25
96 28
98 20
137 30
141 26
115 30
78 26
99 23
127 27
117 26
111 22
126 21
58 22
121 24
133 24
47 24
128 20
116 20
137 21
137 28
104 22
100 20
120 23
102 26
109 27
154 28
120 29
152 30
66 25
114 22
115 22
154 23
88 20
109 24
121 21
42 29
113 29
93 28
111 29
152 30
101 22
143 27
75 21
81 22
100 26
115 24
136 26
128 26
149 29
50 27
115 25
73 24
40 27
117 28
98 28
153 30
62 27
75 30
112 30
66 28
141 29
132 27
132 29
54 20
67 30
73 27
117 28
131 22
108 25
52 21
58 30
124 27
41 22
55 20
141 23
72 22
150 27
48 28
52 29
127 24
111 28
52 20
126 29
153 29
116 23
146 28
79 24
84 30
61 21
59 21
64 21
114 26
140 21
87 28
120 25
114 22
63 24
48 24
110 28
78 30
93 27
63 23
109 20
99 27
82 20
121 26
117 22
141 29
95 29
109 20
123 24
100 30
112 26
138 24
125 25
45 30
76 29
160 30
71 27
54 26
132 20
137 20
89 24
65 29
150 30
117 25
59 21
146 30
128 27
41 24
133 21
100 21
111 23
116 22
106 21
46 30
97 24
100 30
124 28
77 20
61 25
72 29
131 30
43 28
76 27
110 25
78 27
104 28
65 29
63 27
152 24
48 25
110 22
83 24
144 23
96 30
105 29
148 29
78 20
67 27
111 25
135 26
131 25
160 20
87 22
110 21
55 21
65 28
83 30
101 21
89 27
98 28
110 29
94 28
42 30
139 28
110 29
135 26
122 25
67 28
126 20
46 22
148 25
108 23
75 20
139 28
149 28
44 23
77 26
108 20
76 30
67 27
47 24
128 26
128 26
44 24
78 23
72 29
128 22
57 28
78 21
141 20
69 22
78 29
107 29
109 20
136 28
139 22
136 24
133 30
134 25
98 30
91 29
130 23
75 30
74 28
55 26
138 27
74 21
84 22
130 21
150 22
120 27
119 21
75 29
128 28
54 21
157 22
43 20
96 23
97 20
49 20
97 30
54 30
95 23
137 22
63 22
43 25
86 24
119 21
51 30
143 26
84 29
140 27
114 27
142 22
116 23
146 26
46 24
157 27
60 29
69 26
105 28
119 28
137 25
80 22
117 23
137 24
109 30
115 28
140 23
79 26
142 25
154 26
81 20
114 24
119 22
71 20
50 29
128 22
61 21
138 28
119 25
65 25
72 24
40 30
55 29
69 30
103 20
153 20
89 23
137 28
101 29
86 29
86 27
52 27
148 24
117 26
97 29
143 24
113 30
125 21
94 28
69 30
43 22
146 28
53 20
87 29
85 26
127 29
144 20
45 30
147 30
117 26
154 26
66 23
131 21
96 29
55 28
85 21
79 23
88 23
71 22
69 25
51 25
74 21
73 22
82 28
92 28
109 22
132 30
118 21
85 28
46 27
132 30
108 27
83 30
53 28
113 29
83 28
123 29
62 22
43 24
52 21
56 28
72 25
130 27
150 23
126 20
123 25
71 30
104 25
79 20
66 22
159 23
102 23
102 29
59 30
116 21
98 27
107 20
143 28
104 21
152 25
124 23
65 20
50 30
46 27
80 29
160 27
106 23
156 22
145 27
102 24
139 27
154 27
47 22
146 29
45 20
51 22
44 30
114 28
73 28
62 26
102 24
58 21
156 24
72 21
149 27
129 25
46 22
136 25
122 25
125 27
150 30
127 23
65 27
47 26
56 29
58 22
73 28
122 23
81 27
43 22
48 22
95 23
104 21
115 22
84 27
72 21
102 24
116 25
101 21
79 20
40 23
99 23
107 25
106 28
147 25
110 24
137 25
67 25
133 20
104 27
68 27
101 24
116 22
152 27
91 23
99 25
49 25
54 21
46 28
90 25
69 21
150 30
102 29
55 28
119 21
76 29
142 30
65 23
105 21
142 22
115 26
98 27
90 27
100 21
135 30
48 24
96 28
75 21
81 25
123 30
104 20
121 28
86 27
127 26
94 30
124 30
154 20
53 23
107 28
149 25
58 29
44 29
55 25
95 29
57 20
86 30
93 25
98 22
92 22
144 25
67 30
51 27
69 26
68 27
121 20
96 23
66 26
139 22
136 24
78 22
66 21
85 26
130 25
111 25
104 22
151 29
72 23
144 21
143 24
104 30
86 22
131 25
112 28
133 29
114 23
88 20
53 28
56 27
115 20
137 27
57 28
121 29
137 24
160 25
92 26
128 21
118 28
92 29
140 20
152 30
141 22
71 21
83 27
59 20
144 29
102 27
107 21
44 26
87 29
76 29
87 23
95 24
145 25
100 28
116 25
78 29
65 28
117 25
55 30
49 23
40 21
52 30
145 22
69 20
128 23
160 26
63 25
43 27
118 29
82 22
84 28
106 28
50 25
158 20
78 23
81 23
142 25
89 23
93 26
118 27
82 29
145 24
94 23
138 30
156 20
155 22
140 29
152 21
96 28
100 28
64 24
104 30
47 25
49 22
125 22
60 28
74 23
156 29
99 21
91 28
112 22
99 30
116 24
61 20
102 30
125 27
120 25
77 30
99 25
95 22
41 22
148 21
67 25
71 20
80 23
56 26
129 27
143 24
40 28
132 30
124 26
135 29
139 28
48 29
61 27
116 26
109 26
144 26
102 23
125 23
56 22
138 28
152 22
58 25
46 24
100 30
42 30
116 25
117 23
145 29
113 23
131 25
139 27
110 21
85 24
43 25
153 23
131 30
141 30
103 21
93 26
87 28
129 23
51 29
63 26
141 22
117 24
81 26
43 24
54 29
119 20
92 24
106 21
137 23
96 27
45 20
99 30
133 25
117 30
88 28
58 28
43 25
144 20
69 26
90 20
40 27
142 27
45 27
83 29
87 27
64 30
122 23
147 23
132 23
68 22
53 29
101 27
152 21
114 28
114 27
96 28
116 23
96 29
77 24
84 29
87 27
58 21
109 29
149 20
101 24
105 22
103 27
141 27
152 21
149 26
79 26
153 25
53 23
148 22
145 24
57 27
92 24
79 26
48 25
86 28
130 20
100 27
65 30
61 24
77 21
79 26
109 20
110 29
94 20
126 20
148 24
122 21
153 23
102 22
46 26
121 27
136 22
156 22
42 29
50 22
140 29
143 25
135 27
155 26
117 22
113 21
99 26
111 23
72 24
118 23
96 20
66 25
104 26
45 29
47 26
156 28
102 23
156 20
43 21
87 28
47 30
53 27
50 22
155 27
69 30
123 28
154 22
123 21
133 20
153 24
71 20
139 28
159 21
85 30
123 28
102 24
48 29
112 27
89 27
91 24
138 20
81 28
132 22
104 28
58 24
115 27
151 26
120 29
110 27
141 29
158 24
138 28
147 25
134 23
118 20
137 28
106 23
101 30
42 23
113 21
142 26
61 22
110 28
79 27
122 28
72 25
60 26
59 24
145 23
45 21
53 29
115 23
118 30
154 24
49 29
106 29
148 28
140 28
74 30
143 30
100 23
160 22
160 24
111 25
156 27
73 25
58 24
118 24
61 21
107 21
156 27
55 26
76 26
76 22
83 24
82 25
108 27
96 26
70 21
107 20
126 28
128 23
144 21
115 22
116 28
126 25
147 25
94 23
106 21
115 25
108 25
143 30
137 20
104 27
52 30
114 22
112 27
101 29
49 26
112 28
88 29
120 20
147 29
154 27
134 26
125 25
84 28
104 22
101 28
124 29
71 26
108 23
95 22
127 23
80 30
135 30
94 21
153 30
78 21
41 24
148 21
54 22
115 22
82 30
82 29
74 22
140 25
89 26
137 25
56 21
147 24
52 27
75 20
118 26
123 24
108 20
134 21
116 26
47 24
118 21
76 25
151 23
62 23
108 23
147 26
73 26
99 24
54 23
49 21
45 30
68 25
100 22
98 20
144 23
155 28
144 27
158 28
64 25
88 26
65 29
137 28
144 24
83 23
141 20
146 26
132 30
130 22
100 24
99 21
62 29
124 20
80 26
123 21
58 22
82 26
122 25
157 20
101 27
159 23
141 28
118 29
71 26
104 22
136 26
108 21
70 22
92 24
76 21
54 28
114 27
146 30
76 29
126 26
136 28
124 26
105 28
85 20
74 28
70 28
132 20
124 27
43 23
71 28
140 21
113 25
137 21
68 25
72 23
110 30
114 21
123 22
121 26
50 22
157 26
45 27
118 23
153 28
153 21
103 20
127 24
78 30
96 22
48 29
160 20
111 23
129 20
122 28
45 22
85 28
149 22
142 23
106 20
72 27
151 22
112 30
137 22
45 30
158 24
88 24
43 30
103 29
78 22
152 26
115 28
80 24
104 27
58 25
65 27
67 27
135 20
141 29
61 25
111 28
102 21
142 27
58 27
150 22
92 30
41 22
148 25
125 22
49 28
130 21
79 25
116 23
70 25
149 30
83 26
87 23
61 22
68 22
133 22
86 21
86 28
104 27
41 23
49 26
99 22
101 22
46 29
69 23
156 29
82 30
132 27
154 30
53 28
86 20
102 29
83 30
40 23
158 20
132 27
116 25
120 23
85 26
74 20
147 27
96 26
44 30
111 30
127 29
99 24
53 23
132 23
122 27
100 28
159 28
103 27
103 23
85 26
158 23
89 22
127 20
78 29
102 29
73 21
49 27
141 27
105 27
126 21
74 21
100 20
153 28
132 26
157 27
74 29
77 22
56 20
73 24
85 25
119 24
84 25
90 20
93 21
70 21
73 23
81 29
141 27
96 26
124 29
99 27
98 22
72 29
90 28
41 25
94 22
111 26
140 29
111 25
78 26
45 20
150 22
93 27
100 24
146 26
159 23
125 21
104 24
140 26
93 29
109 29
149 27
75 23
160 27
109 30
154 30
67 26
123 20
73 30
122 29
90 24
103 29
125 20
115 22
125 29
81 27
143 23
100 29
142 30
48 29
69 22
152 21
139 25
71 21
110 24
108 30
87 23
41 26
61 30
147 28
136 21
114 22
123 21
141 26
89 20
113 29
91 24
119 27
121 25
124 30
91 26
121 22
126 21
51 27
150 20
67 24
125 25
116 24
73 23
134 24
57 28
144 29
116 23
86 28
49 30
45 26
92 24
100 22
132 29
132 29
56 27
58 21
106 26
87 20
91 20
81 22
111 30
78 29
75 27
158 24
127 20
67 24
124 25
75 26
154 23
58 22
130 23
62 29
131 29
99 23
112 25
135 24
71 25
81 22
56 29
156 29
87 30
143 26
80 26
124 21
70 27
60 25
83 23
64 21
60 28
115 22
66 25
40 26
75 30
83 24
157 30
149 23
105 27
68 25
46 23
102 21
128 23
141 22
79 29
49 22
49 25
155 20
148 26
125 21
121 28
145 30
99 20
102 23
102 26
100 25
100 26
140 29
87 27
90 23
79 24
94 24
114 27
106 24
93 28
139 29
118 27
123 30
63 23
117 20
79 20
124 27
54 28
84 25
47 26
121 30
104 28
70 25
46 21
82 24
107 22
57 28
48 21
114 26
133 30
48 27
66 26
142 25
52 23
89 20
41 21
75 21
97 29
126 29
79 21
107 30
151 30
145 25
69 25
41 27
85 23
148 24
98 20
114 23
130 28
107 20
122 21
90 28
85 30
60 27
62 28
107 22
102 26
134 28
154 29
51 22
142 22
61 26
132 30
71 22
84 27
63 21
125 21
117 27
111 27
108 27
116 24
61 22
93 28
109 23
64 24
45 26
151 29
151 21
48 21
75 25
61 29
40 28
145 25
158 24
73 30
158 29
123 20
153 26
121 29
138 25
142 23
75 21
42 29
130 20
126 20
154 27
80 25
82 20
97 23
52 21
54 26
151 28
130 28
85 24
92 20
126 22
87 22
152 22
106 27
54 28
45 24
52 25
44 28
114 22
66 26
91 26
111 23
153 29
62 26
130 30
117 22
129 24
124 28
96 28
97 21
49 27
126 29
153 27
125 21
121 28
48 29
83 22
111 22
135 26
144 27
74 25
59 27
63 20
48 25
83 23
124 20
159 24
65 22
77 23
160 22
78 21
67 25
158 22
90 21
75 28
84 24
142 26
102 30
99 26
157 22
61 28
147 20
117 21
81 30
125 25
111 21
124 22
145 24
132 24
150 29
45 22
69 22
146 29
101 24
147 27
96 23
85 30
89 28
59 20
46 28
99 27
49 22
121 20
100 21
107 28
127 23
119 30
85 29
56 23
144 21
43 20
65 22
112 21
108 20
88 24
46 25
128 23
71 20
144 25
139 26
119 29
90 20
119 28
152 21
79 24
153 30
64 27
128 30
139 30
51 25
141 27
75 27
142 24
146 29
108 28
133 20
72 23
132 27
60 30
108 26
57 20
53 24
59 20
65 22
101 25
149 28
108 25
108 27
68 23
52 30
118 27
131 29
59 20
41 22
78 20
143 25
69 26
105 25
82 27
118 27
159 25
73 23
123 30
48 22
158 23
59 24
79 23
135 21
40 30
44 28
56 26
125 20
120 24
102 28
156 25
145 23
92 29
132 26
53 22
136 27
77 23
79 25
122 21
141 26
96 25
159 27
72 20
95 23
86 27
89 21
96 28
89 26
130 21
158 23
44 24
70 26
49 29
95 25
84 29
107 24
117 30
83 24
69 29
144 23
111 28
143 20
87 28
110 27
71 28
118 29
49 20
157 20
43 24
45 20
48 20
76 23
142 28
56 28
113 23
106 24
110 21
96 26
83 26
124 22
65 23
123 30
110 24
50 28
152 27
135 20
141 29
112 21
159 24
84 24
117 21
82 22
116 25
71 29
116 27
52 30
105 27
96 21
126 24
127 26
85 25
129 28
48 30
155 22
125 27
87 26
140 26
90 26
149 25
49 20
134 28
141 30
143 30
113 25
103 20
129 25
43 23
146 26
90 27
61 21
131 20
125 24
145 28
86 30
91 30
40 25
56 29
102 28
49 30
78 27
100 22
85 30
88 28
76 25
42 23
50 30
131 30
102 27
117 29
76 25
137 27
52 27
67 25
65 24
136 30
83 23
57 23
112 29
53 24
147 25
71 29
101 27
44 29
88 28
130 23
157 22
88 27
131 24
105 28
46 24
84 21
103 26
132 24
150 30
110 30
72 26
74 29
67 28
125 20
71 30
115 28
126 27
87 23
72 25
156 28
100 23
144 21
78 26
147 20
105 25
42 21
96 29
148 26
131 23
70 24
134 21
93 24
88 28
129 30
99 20
128 20
45 27
100 23
99 26
88 24
52 29
56 30
156 24
101 29
47 22
64 21
116 28
95 29
133 23
71 21
115 23
107 21
108 29
134 25
95 28
142 21
112 30
70 28
100 26
85 30
79 27
106 28
84 23
40 20
78 20
127 30
103 26
121 28
109 26
112 21
68 29
111 27
66 29
64 23
49 20
142 30
131 29
59 23
120 24
63 30
144 27
104 23
109 25
63 24
44 26
75 28
150 20
82 26
49 28
51 20
68 25
109 30
52 26
68 24
87 23
132 22
80 30
119 30
102 26
147 30
71 26
53 25
122 25
58 28
154 28
54 24
111 23
63 22
107 23
94 27
129 30
107 28
104 25
101 20
105 22
58 24
127 24
116 20
147 26
156 28
62 21
49 29
138 29
100 22
67 22
77 21
117 30
96 25
118 20
108 28
126 22
87 21
149 25
56 20
117 28
118 30
155 27
119 28
125 29
105 29
144 21
48 28
48 27
101 22
130 22
49 25
133 22
154 22
124 21
120 28
102 25
117 28
134 23
146 20
103 29
143 24
62 27
76 20
92 30
112 27
87 29
121 21
158 30
69 27
103 20
143 23
112 30
141 24
149 24
56 29
90 23
158 27
159 25
111 22
150 20
158 23
119 22
88 21
66 20
75 28
78 25
112 26
95 30
150 26
93 27
49 26
70 27
138 20
135 25
100 30
154 20
108 25
142 27
46 29
58 25
89 24
141 29
82 21
125 20
65 29
53 20
48 23
149 27
74 21
137 30
70 26
153 27
106 22
117 26
136 24
66 26
150 28
139 22
134 27
99 28
52 25
45 29
57 20
145 22
47 29
114 20
145 22
108 28
48 26
92 23
60 26
156 30
73 26
51 20
137 29
106 27
72 21
40 25
155 27
78 28
53 20
152 20
104 23
148 24
72 24
43 23
117 24
145 27
158 28
141 24
53 26
158 29
63 29
158 29
140 24
104 24
101 22
99 22
85 20
84 26
47 27
147 20
55 21
160 21
145 30
154 20
88 27
94 29
77 25
119 21
71 29
107 22
65 25
61 24
107 25
99 30
83 27
156 24
54 29
47 20
79 25
47 28
126 29
71 28
123 30
119 30
42 25
145 28
83 22
58 30
111 27
129 28
122 26
40 20
122 22
110 21
68 25
91 22
49 27
122 21
126 20
98 23
150 29
44 25
145 26
54 27
41 27
54 27
42 25
159 30
100 24
121 30
44 22
134 29
91 20
57 30
72 29
128 22
45 24
141 20
124 26
143 24
147 29
41 20
135 28
96 30
122 26
44 30
81 26
109 22
50 25
42 23
94 21
101 27
44 25
111 26
67 23
135 30
111 27
109 24
64 22
120 22
149 26
106 23
75 29
135 29
87 25
157 24
104 23
82 29
130 23
50 20
113 25
72 21
61 30
59 22
43 21
57 21
51 30
135 27
149 28
88 21
51 28
113 27
158 22
132 29
86 24
67 21
141 29
123 22
130 30
108 29
123 26
130 20
131 21
66 27
66 22
128 29
47 25
135 23
52 21
86 23
143 25
67 26
83 28
42 30
