159 28
67 26
126 21
61 21
123 28
67 21
88 24
158 21
70 27
86 30
119 27
78 30
42 28
64 25
55 25
51 20
92 29
120 25
117 22
96 26
145 21
49 21
136 27
148 20
110 26
136 27
147 24
57 26
81 25
78 27
108 24
66 30
156 20
64 24
125 24
60 22
147 21
100 21
124 21
64 22
78 24
90 24
53 27
52 22
59 20
63 25
137 27
147 23
116 23
150 28
158 29
109 29
115 25
116 20
91 28
119 20
144 24
71 30
97 22
43 24
61 28
83 25
159 28
125 20
75 25
72 26
89 22
130 27
64 28
118 22
87 25
68 30
56 26
152 26
92 26
43 20
157 28
104 25
42 24
114 28
108 25
129 27
93 21
133 21
71 29
79 30
77 21
49 24
93 25
105 29
89 24
100 25
66 20
47 23
155 23
95 24
92 27
42 22
44 24
46 27
97 20
78 24
93 22
121 27
106 24
47 25
61 21
99 24
46 29
49 22
114 24
58 27
139 23
157 29
41 26
62 25
152 25
79 26
43 21
160 21
88 21
153 21
140 21
66 23
150 20
125 21
72 22
126 22
107 20
118 24
54 25
97 21
131 27
157 20
50 25
114 29
75 21
123 30
93 29
119 22
140 20
135 26
134 25
93 29
101 25
142 23
119 24
121 23
97 30
91 23
137 26
62 28
66 24
93 26
105 24
96 23
148 25
157 27
85 24
129 29
48 21
129 26
121 28
131 25
55 20
146 26
43 30
119 29
105 24
128 22
105 23
71 26
62 30
107 20
95 21
146 24
152 23
74 28
85 26
40 23
149 25
132 23
70 20
101 24
84 26
132 22
56 26
132 30
111 25
46 29
156 28
148 28
153 23
141 21
124 30
97 25
95 27
156 25
105 29
71 23
69 29
50 23
120 23
91 21
75 21
56 22
128 25
90 21
72 28
69 24
95 30
132 28
64 24
138 26
65 30
69 27
157 27
61 26
160 20
103 30
44 26
45 29
105 26
110 30
131 24
117 21
104 25
109 26
102 28
99 20
49 24
47 29
55 23
147 29
73 22
147 24
87 24
55 25
124 29
158 20
60 28
150 22
159 30
102 26
69 24
76 28
122 20
64 25
51 25
100 21
144 25
105 28
112 24
93 30
69 25
138 24
70 29
86 25
85 27
130 23
159 21
50 22
86 20
137 23
48 28
95 20
83 28
75 26
147 26
125 30
109 23
66 29
44 21
125 29
122 20
66 20
88 26
160 22
93 27
95 29
43 22
153 21
82 22
144 26
77 20
140 24
142 27
99 27
110 29
128 24
121 27
76 23
77 22
75 27
138 20
68 25
70 20
76 22
134 24
160 23
137 25
48 23
58 24
88 26
108 30
90 28
96 27
101 30
109 20
60 25
142 20
84 25
88 26
66 24
66 27
143 21
108 22
138 20
70 27
142 25
53 20
153 29
126 24
45 28
54 30
103 29
40 29
132 21
145 30
73 22
105 23
122 29
160 24
146 26
125 21
63 28
98 29
122 23
154 21
156 20
115 27
157 25
102 25
77 29
142 21
123 23
107 26
87 27
99 27
66 24
80 28
119 27
129 30
131 24
140 30
128 27
105 24
92 29
143 30
72 20
133 30
122 29
110 28
143 23
61 25
90 30
122 30
137 21
123 20
76 21
143 23
103 30
82 30
108 24
148 21
123 30
118 22
116 21
113 20
67 30
58 26
109 22
105 23
155 25
103 23
154 22
108 29
158 25
58 22
145 25
68 27
40 26
99 30
119 24
74 22
143 21
55 26
72 25
121 20
141 29
41 23
54 27
156 23
156 20
106 27
83 25
116 22
94 25
147 21
128 21
158 26
40 27
142 27
128 27
73 24
48 26
147 29
106 22
139 25
56 24
85 26
129 23
158 29
73 26
91 27
42 21
100 29
75 21
75 30
44 30
157 24
49 27
130 28
133 24
87 20
143 22
156 22
109 27
131 20
45 29
133 20
62 20
112 24
94 24
86 27
156 25
133 21
135 25
64 26
120 20
70 30
114 25
137 30
160 29
126 24
56 23
49 25
98 21
114 21
69 28
79 29
122 20
158 20
46 29
52 30
96 22
53 20
69 21
73 25
42 22
149 24
79 27
113 21
106 20
140 20
142 21
156 21
40 28
121 23
160 23
106 22
93 28
84 25
42 30
147 27
104 20
55 21
136 23
146 29
125 29
159 30
152 22
95 20
99 27
139 20
71 29
140 24
139 21
152 25
110 24
111 26
74 23
151 23
151 23
86 22
48 29
46 23
78 28
45 22
53 28
47 30
139 26
152 23
118 25
64 24
143 22
90 28
61 20
87 29
138 24
136 25
60 29
149 24
110 26
117 21
126 26
92 25
65 23
136 22
130 24
65 22
143 25
128 22
67 24
137 27
51 20
105 30
133 26
148 27
153 27
60 26
120 21
92 20
56 27
109 26
102 21
133 23
51 24
142 25
104 29
48 24
146 22
99 20
105 30
105 27
41 23
74 21
99 23
98 23
123 21
42 22
59 30
59 27
93 28
66 20
73 27
122 23
126 26
96 20
99 27
60 28
155 27
119 20
72 27
40 21
125 22
93 24
91 24
103 22
43 21
102 21
100 29
118 25
125 22
147 29
136 22
140 22
43 25
140 21
101 26
94 26
92 30
40 26
152 21
147 21
142 22
130 22
59 21
92 22
72 25
85 20
48 21
123 21
148 27
151 20
136 27
47 28
40 29
157 26
67 30
103 25
40 24
47 29
100 27
49 22
134 22
132 24
71 23
75 23
86 30
134 25
128 23
105 27
81 23
65 20
131 26
159 26
78 29
60 24
119 29
44 20
54 29
127 26
105 29
114 25
41 25
150 22
151 23
141 28
112 30
121 28
61 26
85 28
113 20
48 20
154 26
72 27
155 27
67 27
55 28
107 20
140 21
135 27
141 25
87 22
55 28
110 21
65 25
115 28
63 21
101 26
150 23
42 22
66 24
43 28
152 20
141 24
114 20
40 26
155 24
94 27
146 25
111 24
135 30
117 30
158 28
105 20
98 21
84 22
70 22
107 29
117 26
145 26
123 25
52 30
82 23
64 23
150 27
77 30
94 23
106 27
68 27
73 27
61 29
58 29
71 20
160 25
124 23
54 23
117 22
74 28
111 28
55 21
159 26
153 26
145 23
94 29
65 20
136 27
145 30
104 24
149 29
118 25
147 20
43 23
81 21
41 22
100 26
129 20
51 28
71 22
58 22
50 22
104 28
154 25
132 24
139 25
128 20
122 22
112 23
153 26
135 30
126 24
65 25
119 27
150 21
60 21
118 26
46 30
90 24
94 23
124 21
101 29
102 29
108 27
51 27
48 20
67 26
74 27
63 23
88 24
116 23
97 27
59 30
57 30
64 22
61 27
95 26
143 24
106 21
131 24
124 28
106 30
99 25
44 23
142 27
135 28
148 25
95 27
97 30
55 28
139 27
59 27
136 28
140 23
107 23
125 23
47 28
82 30
125 20
107 29
133 26
128 30
55 30
133 21
152 21
74 22
86 28
155 22
158 28
137 29
102 22
53 29
58 26
107 25
76 25
68 27
117 28
41 29
100 26
101 22
115 20
126 21
63 22
147 23
141 27
71 20
107 30
151 21
78 20
42 26
135 22
127 22
67 24
95 27
56 29
130 25
130 21
146 27
123 22
139 27
98 30
133 22
158 30
75 20
48 29
108 26
100 29
155 27
42 22
136 22
56 21
108 22
155 27
63 25
124 24
46 20
136 27
67 21
114 27
140 24
123 30
45 29
144 28
113 20
82 24
83 21
76 25
96 21
96 27
48 28
60 28
118 27
65 25
71 29
121 29
64 23
149 20
114 26
129 26
64 20
51 29
70 28
61 27
125 23
68 27
142 26
123 28
149 30
57 26
138 30
120 26
109 28
148 30
81 24
86 23
59 23
65 30
57 20
55 30
54 23
107 21
145 29
144 26
63 21
56 29
73 26
160 28
82 30
51 28
110 28
78 29
72 23
112 29
134 29
109 29
156 26
99 21
119 22
142 20
132 28
160 26
150 26
60 23
58 30
53 22
64 23
49 22
152 23
110 25
53 21
122 24
120 26
56 29
114 30
91 28
59 27
41 21
74 21
88 20
40 20
48 27
69 20
152 27
87 26
145 27
100 30
145 29
97 29
150 24
138 27
79 23
147 23
136 29
158 30
92 23
78 24
130 20
68 27
147 22
133 25
105 30
91 22
127 20
142 22
102 28
146 26
124 23
143 20
59 25
138 21
54 26
98 27
90 26
143 20
95 30
96 22
95 20
90 21
115 26
120 27
158 25
80 29
53 26
139 29
84 26
125 28
108 30
103 21
104 22
93 25
101 29
115 29
75 24
107 20
62 29
100 25
142 28
133 27
68 25
40 28
94 21
147 25
121 22
87 23
83 23
148 26
101 22
123 30
105 23
121 24
93 26
120 23
42 20
101 21
123 24
159 28
140 29
90 20
144 22
117 22
105 21
122 30
101 23
45 30
107 26
82 26
105 22
89 25
111 20
78 29
146 27
76 20
103 20
109 27
125 24
96 25
120 26
101 29
149 30
124 27
108 30
136 28
117 25
40 23
52 22
68 23
93 30
143 20
134 21
154 25
153 24
89 28
40 24
90 24
49 22
44 22
66 24
81 27
111 22
117 20
67 22
132 29
58 22
154 24
103 23
135 25
69 26
63 23
139 27
134 22
83 26
102 29
116 21
132 20
125 24
138 28
118 28
61 28
44 30
48 28
149 22
76 28
158 27
142 27
57 25
109 28
74 25
52 30
72 26
43 25
151 24
81 28
153 29
40 23
59 22
132 23
101 22
160 23
108 24
149 27
85 22
70 26
54 25
95 26
81 20
49 20
85 22
83 29
49 22
89 27
60 24
86 25
149 22
155 24
98 24
105 29
59 28
76 24
124 27
121 25
87 29
122 24
89 24
117 25
130 22
151 28
66 25
54 30
68 20
153 26
141 29
148 22
64 22
102 28
77 21
142 26
117 20
66 21
121 21
60 29
52 23
151 20
148 28
107 23
65 24
68 22
88 24
99 22
129 28
51 23
54 29
132 27
44 22
113 21
106 22
75 21
126 29
141 27
79 26
49 27
88 23
110 30
89 27
117 29
120 27
152 30
132 23
56 21
115 23
85 29
156 30
79 29
80 25
140 28
117 29
73 29
122 30
129 28
89 20
142 22
84 26
49 21
96 29
137 30
94 28
152 28
158 20
119 22
78 27
70 22
74 24
103 22
150 27
124 24
122 26
76 28
90 29
83 22
134 24
120 24
144 22
74 24
154 30
153 23
157 29
130 25
126 20
46 26
121 27
94 23
52 20
113 30
89 22
134 25
86 20
119 20
57 29
61 22
48 23
102 23
141 27
140 23
46 23
139 25
79 26
67 25
79 24
47 25
131 21
133 23
149 22
138 29
88 24
132 22
80 30
141 26
48 28
89 24
117 28
80 28
154 28
136 30
57 30
93 21
84 25
88 21
70 29
100 29
160 24
151 25
112 24
52 24
102 25
50 22
69 22
136 27
43 30
91 24
64 28
73 20
53 22
81 21
101 27
44 29
71 22
72 22
113 20
98 24
114 22
101 27
142 27
62 24
149 28
112 26
138 23
121 25
59 22
124 29
87 30
140 26
82 25
142 20
154 23
43 29
137 20
108 23
46 26
128 30
107 25
110 23
51 28
150 22
122 24
67 28
75 26
66 21
160 30
106 25
56 29
66 29
133 21
121 22
54 30
128 22
151 21
50 23
92 23
153 24
137 21
44 29
135 30
134 30
112 23
72 25
76 30
82 27
106 29
133 22
41 28
78 20
74 25
83 25
74 20
77 24
135 28
153 21
65 30
150 26
133 23
108 28
76 21
128 22
65 28
135 25
81 22
117 23
82 26
132 30
72 20
134 29
89 29
69 30
48 22
80 27
81 27
95 30
44 30
129 23
74 30
160 28
40 26
78 30
122 23
45 21
118 30
53 21
44 27
122 29
121 24
58 30
65 22
70 23
113 30
51 27
118 20
44 28
63 26
146 22
134 21
89 23
65 26
102 29
85 27
52 23
133 26
51 28
91 23
130 22
40 23
122 25
121 26
117 30
78 30
49 28
160 27
149 22
108 23
67 28
66 29
92 27
135 29
45 25
146 22
103 26
42 20
116 27
115 30
112 21
124 25
124 26
108 27
146 20
126 26
73 30
138 26
143 28
118 25
65 30
136 30
90 22
103 26
85 26
153 22
117 29
47 28
82 27
159 25
95 28
84 29
158 30
93 25
152 21
46 26
148 21
118 29
113 28
152 29
132 23
127 28
117 20
115 21
108 26
95 24
148 23
103 28
102 27
40 28
155 21
133 21
45 30
114 25
55 20
81 25
46 25
156 21
119 21
157 27
131 25
76 25
159 22
43 21
52 23
108 21
151 22
131 26
54 29
108 29
95 20
106 21
136 23
127 23
136 21
158 26
62 28
135 27
127 27
40 26
56 28
141 27
56 23
124 23
53 30
122 29
43 28
96 26
139 29
72 24
48 20
69 30
53 28
102 29
56 26
86 23
42 28
135 28
86 21
153 28
116 27
128 21
111 20
100 20
126 30
158 24
106 20
131 23
140 29
100 24
141 23
44 28
142 27
156 22
81 22
114 30
91 22
85 23
85 29
68 20
150 28
101 28
82 22
82 24
115 28
54 29
52 30
72 26
119 28
50 27
130 20
146 29
125 28
57 23
111 21
54 23
73 23
107 20
82 23
107 26
132 20
86 26
138 25
52 27
144 22
41 29
52 30
116 22
96 25
141 22
154 25
44 28
129 28
98 25
145 30
59 21
158 26
68 28
131 28
146 21
64 30
80 24
102 25
102 27
115 29
151 22
68 29
154 20
59 21
57 23
59 28
46 26
93 27
81 21
46 26
49 22
55 26
127 22
78 25
46 29
68 30
60 30
123 20
130 21
131 25
66 25
135 23
75 28
69 24
150 22
109 24
82 22
54 30
117 20
84 20
127 29
103 25
74 24
139 20
90 26
86 28
44 21
74 21
64 30
149 26
112 24
151 26
132 20
48 27
84 22
152 22
51 25
105 21
130 20
41 23
106 30
141 26
65 29
144 21
152 24
76 22
118 30
47 23
83 24
140 21
154 27
70 26
139 29
59 26
53 24
135 29
105 26
117 20
100 29
99 24
104 27
63 21
132 24
142 22
78 30
45 25
75 28
142 21
132 29
130 22
150 23
129 20
116 22
128 29
146 22
93 29
138 22
124 20
160 26
74 29
143 23
138 21
122 27
48 28
65 22
146 28
49 25
157 22
86 24
101 25
90 26
60 21
85 22
152 21
154 28
44 29
151 26
136 29
68 22
80 22
49 22
86 24
148 24
106 21
146 27
83 24
100 21
128 26
131 30
123 20
149 27
68 29
51 23
116 20
73 25
131 26
69 22
116 29
64 22
93 20
101 29
60 24
110 29
110 27
56 22
140 29
96 29
124 23
137 28
70 24
99 21
133 26
148 28
64 26
77 27
51 30
155 20
86 29
133 28
41 21
60 25
149 25
133 24
59 25
133 28
64 30
82 20
118 20
145 24
132 23
158 28
71 29
58 20
81 20
112 25
73 29
80 24
112 28
58 26
113 28
104 20
127 21
109 20
109 27
98 27
58 21
84 30
149 27
48 22
54 22
85 26
153 30
103 25
60 25
115 26
113 25
46 24
41 26
159 26
99 27
53 30
48 20
69 26
117 23
136 26
62 26
145 25
154 30
102 24
46 27
155 29
134 22
95 25
84 23
132 21
108 27
114 27
131 29
152 20
123 30
40 29
160 22
147 30
97 23
96 25
117 23
71 29
55 20
134 30
96 24
81 26
92 21
135 22
127 22
146 23
122 21
137 30
101 27
49 21
114 28
120 27
125 29
124 24
46 20
101 23
145 25
52 26
118 29
71 25
127 29
98 30
52 30
153 27
107 27
50 20
61 24
77 25
61 23
58 30
124 28
142 21
42 20
117 26
77 21
51 26
53 21
108 25
54 22
155 26
141 26
110 27
157 29
129 20
60 28
151 27
53 28
123 22
42 29
124 20
144 22
78 23
101 27
47 24
82 26
136 20
92 23
159 20
72 20
69 23
48 28
54 24
58 24
51 24
60 20
78 26
135 21
138 24
97 24
119 23
44 29
51 20
155 26
63 21
133 28
45 24
49 28
98 22
90 21
44 23
59 30
156 26
79 23
78 24
141 26
125 27
157 28
72 30
57 24
124 21
149 28
46 24
41 24
52 21
157 20
148 23
114 29
78 26
107 22
82 23
116 21
55 21
147 30
144 26
75 25
142 28
138 25
108 25
47 20
131 29
101 28
60 25
46 20
116 28
125 29
152 25
133 23
145 24
95 22
75 29
148 21
80 29
93 27
138 26
53 20
43 22
106 30
54 27
74 28
115 21
83 29
60 28
129 26
69 24
110 28
136 25
101 25
143 27
156 20
151 23
65 23
108 23
107 30
43 25
152 24
158 27
96 27
147 27
112 21
126 22
114 23
61 23
124 22
144 25
110 24
89 29
66 29
85 29
96 21
109 26
122 22
43 23
53 20
90 22
55 20
154 26
140 20
42 30
72 28
100 25
130 26
109 25
91 28
48 20
147 25
63 21
115 28
79 23
46 30
136 30
78 22
57 27
133 25
118 29
73 26
43 23
70 30
159 21
106 24
152 24
143 26
100 25
134 30
128 26
132 20
99 23
121 27
71 26
72 20
43 29
160 22
157 20
67 25
109 23
76 24
59 23
136 27
82 27
43 24
149 22
153 22
65 25
124 25
106 28
56 29
56 23
60 24
98 29
121 29
132 29
131 23
122 21
44 22
61 20
143 26
86 28
78 26
64 25
124 26
94 24
97 27
46 29
140 25
130 20
92 29
117 25
87 25
141 28
97 28
49 24
50 29
68 22
79 25
150 26
156 21
116 28
115 20
107 21
58 24
154 28
41 22
52 20
40 25
131 26
145 20
154 23
153 30
90 24
141 21
43 29
40 22
144 28
141 24
158 23
44 25
99 28
145 24
125 22
137 30
61 25
85 24
60 25
78 25
151 23
93 26
140 20
107 29
66 21
122 27
60 28
149 20
136 20
156 26
126 23
114 23
128 29
74 23
131 26
155 24
154 26
102 23
155 25
127 20
86 25
115 27
52 20
154 21
120 30
107 30
158 30
115 21
155 28
45 25
68 22
110 21
96 20
152 24
85 29
113 28
63 24
122 29
66 25
123 26
45 22
145 20
147 30
65 23
68 26
44 26
51 22
96 28
94 20
59 25
64 22
40 22
63 23
41 21
46 23
74 24
72 24
90 20
149 29
141 29
100 21
41 20
48 28
113 23
57 22
137 21
51 23
72 28
149 28
92 21
131 27
95 23
100 25
105 20
93 22
158 22
105 22
95 21
62 28
151 25
137 25
141 21
91 21
146 23
136 28
55 23
85 24
146 25
55 27
145 29
125 30
84 25
98 28
143 30
41 29
56 28
67 25
151 22
159 30
69 27
65 24
151 27
147 24
63 26
53 24
94 29
108 24
120 30
115 27
51 24
49 26
83 22
83 28
44 29
106 24
148 20
123 23
87 20
159 21
84 26
68 25
145 23
51 20
116 20
59 30
104 22
53 22
102 23
81 21
106 25
118 29
152 26
125 23
145 22
117 20
152 22
73 27
81 23
43 27
143 29
83 29
94 26
111 30
149 21
41 25
140 22
147 20
100 26
85 26
119 24
157 26
150 21
153 28
101 28
69 27
111 29
132 28
103 27
43 22
54 23
105 21
89 22
78 20
150 28
40 28
121 24
155 24
129 25
141 27
49 28
158 23
138 26
125 23
62 20
157 23
73 27
123 26
98 24
135 24
58 25
138 27
158 23
47 25
88 30
47 27
72 28
94 25
123 23
83 27
72 23
152 21
132 29
155 20
92 21
132 27
111 29
91 29
92 26
129 24
92 30
52 20
52 29
101 27
79 20
74 23
63 26
47 26
73 25
131 22
126 23
154 20
86 30
147 30
95 30
45 29
61 28
65 30
120 26
70 20
50 27
128 29
129 22
128 24
73 24
96 23
40 20
135 29
148 23
146 24
123 29
111 21
50 28
142 28
71 21
63 29
85 30
144 22
118 22
150 28
92 29
156 22
131 30
111 25
59 24
158 29
138 26
96 24
158 21
153 20
59 24
125 26
108 24
103 29
131 21
74 26
41 22
64 21
134 25
77 26
77 30
60 25
137 24
139 29
108 20
109 30
89 22
72 30
138 28
83 22
66 30
85 29
143 30
78 20
85 20
150 22
128 28
147 28
44 29
82 24
61 28
105 22
115 30
89 21
89 29
83 27
67 29
70 20
120 21
79 21
42 21
74 25
110 30
136 21
46 24
49 29
93 26
122 24
76 21
149 25
71 28
158 21
96 27
63 21
143 27
56 22
115 28
157 21
98 30
147 23
72 21
152 20
93 20
102 21
40 30
135 22
106 22
91 23
95 29
49 22
62 24
95 23
114 26
76 26
93 26
144 29
106 26
124 22
92 27
157 20
100 28
125 21
123 24
133 25
130 23
113 21
120 20
121 21
101 26
53 22
116 21
119 21
146 29
149 27
70 30
74 26
116 24
44 21
95 26
71 29
153 28
151 26
89 26
125 22
98 30
141 24
140 25
61 22
75 26
130 22
77 25
86 23
83 20
98 20
74 25
71 29
64 28
144 20
135 26
49 26
71 30
54 22
105 25
77 27
50 27
68 20
64 26
47 24
151 28
97 28
56 21
60 29
131 20
71 28
159 25
145 29
128 21
51 25
149 27
116 28
120 27
76 20
47 24
42 24
72 25
150 23
85 23
64 21
90 23
74 23
115 21
143 23
140 29
138 30
58 20
91 26
144 20
43 22
103 28
96 24
53 24
153 25
64 25
132 22
143 23
134 28
106 27
68 25
54 30
109 25
134 30
82 22
152 20
65 23
72 20
149 21
114 27
77 23
108 22
146 22
126 22
118 22
42 20
55 27
112 20
73 28
153 21
52 22
66 29
80 27
87 27
73 25
159 27
103 27
42 22
101 28
67 21
53 24
101 24
160 23
146 29
154 30
99 26
84 29
143 20
50 21
127 23
145 21
114 30
89 29
104 29
158 28
149 20
137 21
124 24
116 29
58 27
126 26
138 30
84 23
153 22
64 22
152 25
94 21
121 22
90 21
