60 29
88 29
63 20
146 30
130 23
51 26
68 23
156 22
97 27
44 21
95 22
98 25
145 22
131 20
123 22
124 22
118 27
81 24
124 27
134 27
84 25
97 26
127 28
155 24
112 25
73 28
114 30
147 20
48 25
145 28
135 20
93 25
118 26
131 30
80 22
52 21
59 24
156 29
77 22
116 21
79 27
72 23
105 28
122 29
58 25
72 25
136 20
145 20
99 21
45 25
139 22
106 25
52 25
147 20
75 21
123 27
80 28
136 29
159 25
59 28
59 22
66 29
85 25
148 20
115 29
144 22
119 27
43 25
123 29
45 28
118 24
112 21
137 23
98 20
106 26
93 22
111 20
127 29
158 21
127 24
83 25
57 20
130 29
111 27
125 24
68 21
92 28
49 20
79 22
107 22
88 24
44 30
71 30
44 26
130 28
86 29
137 20
123 21
91 22
103 25
114 26
158 28
45 27
127 21
149 22
93 23
124 25
80 30
153 20
41 22
158 24
94 27
96 28
51 20
102 27
129 25
130 30
62 23
75 28
59 24
78 26
88 25
114 27
83 23
85 30
110 26
91 21
118 30
86 20
101 29
117 29
63 24
116 21
112 28
66 26
55 20
42 30
50 28
140 29
116 20
91 24
157 28
88 28
154 21
78 20
78 26
101 25
90 30
67 29
112 22
135 25
59 25
133 29
67 27
112 28
158 25
158 24
116 22
77 24
145 28
75 23
61 22
152 30
151 23
70 28
82 21
50 28
74 21
149 24
80 22
99 29
160 23
121 21
140 23
139 30
143 27
44 24
108 20
42 28
84 24
50 30
51 29
60 28
141 25
90 20
125 27
66 22
83 26
66 23
40 23
102 21
129 30
126 20
119 27
62 23
91 21
126 23
156 26
95 28
153 24
73 24
89 30
76 28
72 30
144 27
143 28
118 25
114 22
82 21
40 25
130 20
75 26
40 28
80 28
50 26
87 25
119 27
48 22
123 20
82 21
154 21
51 20
141 21
76 25
112 21
63 28
131 29
73 26
81 30
81 23
136 30
93 25
100 23
51 29
99 25
58 28
118 29
108 25
103 20
122 27
158 26
145 22
124 22
74 27
137 20
117 30
94 30
98 24
115 25
43 20
143 25
144 21
62 29
106 22
160 22
144 29
122 20
69 27
138 30
85 25
101 28
66 25
148 20
56 20
76 24
99 23
144 25
114 22
159 23
43 30
64 28
44 27
138 28
106 27
158 20
140 26
120 21
80 22
113 26
80 25
149 23
144 20
43 20
130 30
150 20
103 29
85 30
44 30
130 27
141 27
118 20
135 22
62 27
145 23
54 23
67 27
133 22
63 29
84 28
68 25
158 28
85 29
145 21
160 22
112 21
80 20
122 21
77 25
120 20
153 26
121 26
148 25
68 29
81 22
155 24
117 27
92 26
157 27
98 28
159 28
128 25
92 27
71 22
154 23
104 28
104 23
50 22
124 20
121 22
125 21
86 23
56 22
115 26
131 20
84 29
89 21
61 24
87 27
87 28
152 22
110 25
71 27
147 24
43 26
158 21
102 20
157 28
47 23
115 20
62 21
43 23
135 28
119 21
155 23
145 28
149 27
144 21
74 30
132 25
85 21
61 26
113 30
65 26
112 27
95 22
143 30
64 26
66 21
158 25
159 21
76 26
103 28
137 22
103 23
110 24
122 22
118 23
72 24
95 21
127 24
59 29
82 21
91 20
54 26
131 27
116 25
160 30
134 26
130 21
131 25
137 21
75 22
144 27
95 25
104 22
55 24
132 27
48 30
87 27
150 28
140 20
85 21
57 26
128 29
113 30
55 21
144 21
145 30
79 30
83 26
144 20
124 28
106 20
156 28
74 28
121 24
148 27
147 20
55 24
115 27
125 28
117 29
122 27
149 20
49 22
60 24
78 25
72 20
127 27
64 27
156 30
139 28
92 27
118 28
124 20
155 27
142 26
116 20
120 28
138 21
52 28
106 30
49 28
115 23
60 29
155 21
122 23
121 21
135 28
110 21
146 27
110 23
115 21
67 28
122 27
47 27
71 21
87 20
71 24
97 23
116 28
104 28
110 22
126 29
98 20
82 21
91 23
97 23
134 30
140 23
56 24
88 21
86 26
107 23
67 25
92 22
49 29
81 22
75 22
102 23
52 26
106 26
148 23
66 30
131 24
144 25
76 28
53 21
48 30
73 21
126 28
154 25
62 29
67 28
92 21
41 22
75 23
56 20
71 21
152 22
99 28
86 21
96 27
57 23
126 30
81 23
134 25
121 27
160 22
145 25
148 29
126 29
146 20
77 29
125 30
45 20
129 30
148 29
153 28
146 25
61 26
134 25
116 21
111 21
56 26
158 23
159 26
107 30
134 23
102 29
42 29
82 22
65 22
112 25
93 29
83 24
94 25
56 22
102 26
149 27
73 29
136 25
144 21
63 22
75 20
112 23
61 23
149 26
125 24
125 29
109 24
159 21
71 27
66 20
47 28
147 20
112 30
137 25
48 27
128 22
43 29
154 26
131 26
87 20
61 29
64 25
44 24
53 29
93 25
60 24
71 26
141 24
94 26
127 30
69 28
61 28
160 23
93 21
120 25
150 26
44 22
134 23
153 30
55 22
100 21
107 20
91 30
104 20
61 29
118 22
112 22
160 24
59 27
114 25
108 30
78 29
40 26
73 22
51 23
120 20
45 28
83 28
84 28
111 25
127 25
50 23
158 23
79 21
150 25
64 23
133 21
104 30
148 25
70 29
121 26
154 26
52 22
63 21
112 20
53 20
154 24
45 29
101 22
157 26
143 25
143 27
73 23
115 27
153 21
87 30
59 22
109 24
57 25
89 25
115 28
116 29
130 21
95 25
56 24
139 20
88 30
133 22
59 30
71 24
108 25
83 22
82 20
75 30
96 23
135 23
78 25
92 23
45 28
147 24
92 25
100 24
56 22
120 27
75 24
158 21
150 24
148 30
95 23
99 26
128 23
53 20
80 28
156 26
109 30
61 30
64 21
143 20
138 28
126 26
63 25
134 21
143 23
87 24
96 26
78 28
140 29
41 25
110 29
57 20
153 26
135 25
113 24
124 24
97 20
108 20
67 26
54 22
128 27
137 23
76 30
145 20
132 28
146 27
104 20
99 20
41 25
48 20
44 23
143 29
99 30
72 20
81 25
64 25
134 27
116 30
116 21
146 27
134 27
140 29
58 29
143 27
63 25
148 30
60 21
67 26
150 26
77 20
153 27
106 20
77 30
105 23
46 26
96 30
110 26
119 22
127 23
82 30
80 27
126 20
133 20
63 29
115 24
78 22
156 22
139 27
140 29
114 21
107 23
156 26
127 25
92 29
136 23
127 28
156 22
124 29
40 21
140 21
49 25
159 28
105 20
78 20
77 28
129 27
63 30
156 24
42 27
155 21
49 28
55 26
78 20
86 26
102 30
108 30
131 20
62 23
86 22
68 24
110 27
108 22
96 28
81 25
62 22
95 23
58 20
153 22
120 26
148 27
153 22
60 29
78 28
138 26
94 29
70 22
87 29
87 27
113 29
112 28
66 28
62 26
114 25
65 30
127 29
50 28
103 21
124 21
143 20
46 26
106 28
105 24
88 25
145 30
100 22
138 26
105 30
151 26
139 24
141 29
70 21
64 27
97 23
62 20
55 30
160 22
133 26
81 23
102 20
127 26
92 30
74 28
64 23
122 20
149 22
95 21
85 28
155 29
125 24
160 29
74 23
98 27
126 30
42 24
152 20
141 22
62 20
66 30
77 30
150 29
68 23
74 24
140 26
51 26
158 21
43 23
126 25
118 30
118 30
146 27
44 28
60 29
143 25
88 24
96 27
59 24
82 22
60 21
128 27
147 27
58 20
122 23
126 30
108 27
56 28
118 30
49 30
154 26
128 30
124 24
127 25
79 26
118 26
150 22
94 23
154 23
139 24
134 26
47 25
107 29
155 25
149 23
71 29
138 27
51 25
99 25
101 21
132 27
120 28
85 30
64 27
81 29
82 26
125 24
93 21
69 29
51 26
51 20
88 24
129 24
50 22
90 22
56 23
139 20
126 23
72 26
127 26
145 21
135 21
125 24
47 24
87 22
129 25
43 23
63 27
88 25
45 21
156 25
135 24
41 29
83 26
91 20
135 29
43 24
43 21
42 30
83 30
144 28
160 24
72 28
53 26
131 25
56 25
131 27
107 30
77 26
153 29
47 21
43 20
49 29
146 25
86 21
114 22
83 23
55 25
63 26
57 21
73 20
110 20
42 29
132 20
124 25
59 24
148 24
95 26
152 21
51 25
63 23
127 28
125 24
100 22
90 30
143 23
83 24
151 22
160 25
72 20
137 26
150 26
90 30
154 29
75 30
124 26
53 26
143 20
83 24
143 26
114 24
50 26
129 25
159 22
143 27
139 26
134 20
70 29
127 25
143 27
145 23
155 22
152 28
111 25
149 23
101 28
68 28
126 26
122 27
76 25
125 26
68 26
89 20
135 20
76 30
131 29
132 22
67 23
146 29
140 23
81 29
125 30
98 22
126 20
62 22
160 25
128 27
134 22
113 21
133 28
76 27
157 22
141 21
99 21
100 22
121 23
54 28
148 24
46 27
109 20
147 30
50 29
51 21
153 29
120 21
155 20
95 21
106 26
138 21
82 22
98 23
146 21
77 27
138 26
96 22
53 22
121 27
62 23
138 30
86 23
56 20
55 25
119 30
64 27
78 30
92 20
85 21
147 22
140 26
114 29
64 28
94 28
42 25
91 30
59 28
128 21
89 28
102 26
70 23
86 25
101 27
139 26
43 27
64 28
56 29
93 27
149 27
148 24
151 28
72 23
62 26
66 30
145 22
58 29
159 29
44 24
139 28
126 23
122 25
63 21
135 26
139 30
54 25
68 30
108 21
160 26
59 22
67 24
157 25
131 27
51 20
153 29
123 24
88 27
144 23
140 20
92 24
68 28
123 30
150 22
150 22
49 29
145 30
134 26
41 22
156 23
52 25
75 29
139 26
110 26
103 28
94 22
77 21
150 22
91 26
129 23
69 22
159 25
125 27
91 26
99 23
73 24
132 20
93 22
133 22
47 22
65 26
45 25
158 21
115 25
44 30
53 24
108 25
102 25
97 22
77 29
73 23
158 20
65 30
159 27
72 29
104 28
67 23
126 23
61 22
141 21
107 30
63 25
90 30
134 23
129 29
49 30
51 22
49 24
72 29
139 27
82 25
104 23
99 30
153 23
123 24
86 21
158 25
146 24
47 28
42 26
85 20
103 30
60 27
119 22
47 27
107 21
149 22
159 25
63 28
138 23
118 21
92 21
52 26
140 26
144 23
121 27
99 26
134 21
159 30
140 22
44 30
129 28
131 21
136 24
103 24
80 25
159 29
125 26
57 20
127 27
65 23
147 21
91 21
49 27
91 25
98 24
85 29
40 27
124 25
100 26
51 27
62 21
100 27
140 29
89 23
160 29
65 30
153 26
113 20
106 30
48 23
89 22
91 22
111 22
148 28
111 22
134 22
49 20
74 22
138 26
158 25
159 29
65 23
132 20
73 26
80 28
153 29
132 30
119 27
46 27
47 20
89 27
131 26
83 21
89 29
158 22
160 29
103 27
54 28
135 22
132 29
91 21
42 20
152 25
65 20
143 24
72 28
88 22
63 24
151 30
146 29
94 30
62 28
62 27
107 28
77 29
109 24
76 22
127 29
131 22
75 27
148 23
125 25
107 21
146 28
56 29
45 22
69 23
103 22
136 20
116 30
62 28
83 24
159 22
86 20
63 24
116 28
105 30
94 28
41 30
160 21
144 29
125 27
90 24
66 25
114 29
85 25
68 28
126 29
152 22
97 25
109 24
97 23
123 21
91 27
67 28
139 24
47 30
135 21
142 24
50 29
158 27
96 20
68 27
126 23
42 26
48 27
86 30
155 24
113 26
79 24
106 24
109 29
123 28
143 26
62 29
129 22
56 20
137 26
121 24
41 25
47 20
125 21
98 30
41 20
140 23
100 28
143 30
121 24
124 24
67 26
58 29
42 23
110 23
108 26
75 25
146 21
66 24
128 27
62 20
72 25
128 28
159 27
118 21
148 28
88 24
150 29
105 30
71 27
135 23
152 20
150 26
48 27
116 30
95 25
157 22
158 20
115 20
128 23
51 21
65 28
136 23
139 28
52 24
76 27
131 25
146 21
125 24
83 21
145 28
90 22
160 23
123 20
85 29
40 27
111 24
72 28
98 23
97 26
123 23
53 27
128 27
84 21
112 26
142 26
123 23
59 28
49 28
123 26
92 20
95 25
51 20
137 29
106 27
130 25
94 27
112 28
80 25
63 23
103 22
149 20
63 25
155 30
88 29
160 23
157 23
42 24
118 23
159 21
94 26
77 26
130 24
86 28
145 29
101 21
148 24
46 23
64 25
79 21
79 28
54 29
140 29
79 29
116 26
109 24
49 27
138 20
52 20
42 21
65 26
107 22
151 29
65 24
80 30
88 23
114 21
101 24
97 21
141 24
47 21
115 22
108 23
53 21
52 24
89 24
73 25
88 26
48 30
124 22
74 26
153 26
86 25
46 20
58 25
139 24
74 30
128 28
139 30
78 23
87 24
63 23
76 23
140 21
71 20
56 29
62 25
92 20
157 27
154 30
105 30
65 27
64 25
157 23
142 27
85 28
77 29
62 20
75 27
131 26
140 26
120 22
72 27
81 23
75 27
150 26
91 21
50 28
134 22
46 29
93 21
91 24
109 26
67 28
159 30
64 28
116 29
48 30
132 24
73 26
141 20
112 29
141 21
92 20
123 27
51 21
63 22
124 23
134 23
120 28
83 24
47 26
59 27
68 26
135 29
53 28
44 29
133 25
55 30
44 21
67 27
88 22
160 27
156 23
126 28
67 21
45 30
42 26
66 30
40 23
122 29
120 25
97 26
91 24
48 23
47 21
68 27
116 24
119 26
127 28
57 20
99 20
113 21
85 29
82 28
43 30
103 29
104 21
68 27
134 28
108 26
136 27
76 23
125 21
131 30
135 22
121 30
93 21
51 25
117 28
139 21
45 25
93 21
135 22
68 22
119 29
88 30
143 22
51 27
66 26
55 22
137 22
49 23
139 29
77 30
85 21
62 20
53 21
109 24
44 22
103 27
72 22
74 28
76 20
101 25
128 26
46 25
49 30
79 23
159 25
110 21
58 29
60 22
83 26
113 30
104 20
55 22
71 24
94 24
100 21
62 24
75 29
48 27
46 30
143 30
144 23
130 24
56 25
66 22
61 25
99 22
84 25
40 28
160 23
65 26
156 25
48 26
89 28
62 22
114 26
97 24
159 21
144 20
73 22
95 24
86 29
77 28
135 21
40 27
148 26
141 27
42 21
96 20
130 26
91 28
77 25
112 20
47 27
65 24
156 28
82 30
54 26
56 21
156 23
98 23
136 24
117 23
106 30
132 25
106 25
66 23
134 23
57 20
51 24
76 25
79 24
70 27
99 25
94 23
93 25
56 20
72 27
115 30
129 22
159 23
84 27
69 22
124 20
44 26
155 28
112 28
81 24
78 27
128 28
106 24
156 25
130 28
120 27
154 23
66 23
71 21
80 20
145 23
50 25
134 23
128 26
126 20
146 21
81 26
80 27
160 21
108 23
147 25
123 20
124 22
128 20
114 21
108 20
45 28
132 30
52 29
56 28
116 29
40 26
144 24
108 30
101 27
53 28
61 27
91 26
82 20
70 25
50 29
160 21
47 24
62 24
121 30
97 24
118 30
82 23
102 30
144 27
82 26
82 29
58 29
66 29
106 25
108 28
80 28
65 23
43 25
42 28
96 26
146 28
52 23
92 27
122 27
49 22
93 21
46 27
147 23
105 23
80 28
100 29
64 30
114 27
158 27
66 26
117 30
115 28
58 29
141 28
41 28
71 24
149 29
94 20
119 23
70 25
131 20
117 20
55 24
100 24
112 28
91 24
87 25
140 22
91 24
72 23
148 23
90 27
128 27
82 30
149 29
154 23
62 29
51 23
69 30
48 20
67 23
56 29
60 26
74 21
94 28
96 23
144 26
106 21
72 26
54 29
75 20
53 24
73 26
75 27
128 27
122 26
109 24
96 24
135 28
89 22
112 23
155 22
42 27
146 22
114 21
154 26
127 28
148 22
109 30
123 28
141 26
124 22
132 22
44 24
146 28
81 24
80 26
115 23
140 22
133 22
158 30
87 21
48 30
120 24
94 24
109 28
96 30
131 22
152 27
66 22
51 28
98 27
91 20
106 29
79 20
138 29
49 27
130 20
95 24
42 21
85 24
102 22
101 21
134 25
66 30
43 26
63 20
126 30
66 29
102 30
99 22
131 28
101 27
100 20
86 26
110 27
146 22
128 24
54 30
79 23
47 28
70 28
132 23
143 27
141 28
133 28
89 26
93 24
54 21
150 26
120 20
104 21
113 28
113 24
125 25
129 30
160 20
97 29
61 26
112 20
152 21
123 24
113 24
76 28
104 29
78 26
75 20
150 25
106 21
147 28
94 21
158 22
77 23
74 24
89 23
58 23
79 24
110 21
121 22
75 25
72 20
145 24
103 25
93 28
107 25
68 27
149 20
75 30
120 27
100 28
40 26
140 23
134 23
108 28
44 25
118 29
56 30
136 24
133 25
160 30
154 29
68 20
48 28
62 22
102 23
152 26
124 26
143 27
66 20
46 24
61 30
89 21
149 30
153 30
155 24
75 30
159 21
122 24
123 22
88 26
63 20
96 21
100 24
42 28
64 21
90 24
69 25
94 22
89 27
93 22
152 28
79 23
96 23
96 22
106 22
139 21
92 20
62 24
101 25
41 21
73 21
159 22
51 22
129 26
104 27
55 24
111 26
126 23
119 22
113 26
143 25
160 26
157 26
154 28
50 25
129 25
42 28
100 30
156 30
47 30
114 28
49 30
126 21
44 30
55 25
110 29
54 29
111 25
151 25
74 28
128 24
45 22
53 26
64 22
54 25
41 30
108 23
119 22
140 24
126 27
52 27
113 26
54 26
50 25
113 27
138 27
141 20
134 26
83 26
88 21
73 29
98 21
139 23
156 24
131 25
76 25
132 20
49 29
66 25
76 23
76 22
131 20
82 25
134 21
90 27
152 21
155 23
121 30
53 23
120 22
125 27
126 25
58 20
66 22
58 20
160 23
53 20
115 28
64 23
120 27
149 30
152 27
107 20
74 25
154 23
99 26
48 23
127 22
63 26
99 27
104 21
129 28
141 26
152 20
157 20
77 25
65 27
131 25
40 23
109 24
57 27
106 27
138 28
89 25
87 21
159 29
123 25
58 20
68 24
44 30
81 23
76 29
118 24
71 25
147 25
99 25
159 21
61 29
120 28
86 30
114 22
111 28
157 22
67 28
61 24
122 20
134 25
78 28
53 29
110 27
122 25
112 21
52 30
130 29
125 21
112 23
111 22
112 30
125 28
88 29
93 26
114 30
143 25
160 29
138 21
42 29
77 29
113 28
156 26
82 25
45 21
105 21
159 25
127 22
104 24
100 22
54 29
70 28
41 24
131 23
58 21
76 24
80 24
85 20
89 30
136 27
63 21
88 23
152 22
121 25
89 28
134 25
52 20
154 24
122 20
117 25
87 21
84 26
144 23
88 29
70 23
78 23
70 30
82 25
89 29
124 23
125 29
113 30
53 27
94 29
53 23
119 26
118 27
104 21
148 30
124 30
155 25
157 23
113 28
71 23
40 27
84 29
76 22
90 24
147 27
67 27
109 20
132 22
143 27
50 23
86 27
140 28
110 22
47 27
72 27
140 25
149 25
74 21
142 21
110 25
77 24
111 24
94 29
131 21
49 24
159 29
56 23
42 30
125 27
65 22
118 24
94 26
50 30
87 23
78 23
56 26
110 20
107 30
94 21
137 24
134 25
104 27
92 22
140 28
66 30
141 26
59 30
140 27
125 23
92 30
42 23
74 29
69 26
54 23
140 26
64 26
74 24
75 28
68 26
106 27
69 20
70 29
64 26
96 21
66 27
40 20
79 25
53 24
148 22
93 27
153 27
142 24
47 23
73 26
155 26
103 21
131 25
106 20
136 30
71 28
157 29
134 23
99 28
65 30
46 22
127 22
157 24
159 24
142 30
129 27
53 27
160 25
81 23
153 25
133 25
143 29
81 21
56 24
149 30
155 29
41 24
65 24
65 24
85 23
106 23
118 22
141 20
83 30
49 29
125 26
43 22
77 29
63 29
46 24
68 28
140 27
132 23
104 29
55 21
69 29
48 29
152 30
98 27
97 27
87 21
86 22
101 30
136 22
68 21
48 30
95 24
121 23
109 22
49 22
84 26
120 23
87 27
125 20
99 30
45 25
40 22
69 30
105 20
64 21
53 30
116 30
93 29
157 24
134 26
157 28
91 25
129 28
142 26
84 21
154 28
51 29
124 24
135 20
157 29
140 21
88 27
128 20
58 20
58 27
105 26
144 29
48 21
91 27
53 23
126 21
50 30
125 24
122 23
133 20
60 22
85 26
74 27
72 30
128 22
145 25
46 26
136 29
47 29
96 30
127 23
156 25
65 29
114 30
105 29
158 23
139 23
77 23
117 27
50 26
75 24
150 22
99 24
152 20
135 28
124 24
46 27
138 29
144 23
148 24
45 23
124 25
146 25
111 30
106 22
120 28
159 27
127 30
86 28
63 29
123 22
82 28
62 21
149 28
112 22
136 24
89 25
160 28
65 24
156 28
57 20
149 22
119 23
40 20
159 20
158 28
147 20
106 26
98 30
64 24
78 20
141 21
114 29
121 23
56 24
92 26
59 22
90 23
61 25
73 25
116 24
136 26
117 28
112 28
152 24
103 27
139 22
67 29
157 21
52 22
118 28
92 21
113 25
80 26
136 28
75 29
69 25
52 24
158 27
152 28
154 20
68 20
143 21
102 21
68 29
89 20
77 29
131 29
139 30
104 26
47 26
41 29
66 29
100 22
86 28
132 30
119 20
159 27
154 23
158 27
60 23
105 20
147 24
135 20
92 24
104 23
49 27
112 26
157 25
145 24
118 27
60 28
69 26
93 29
95 23
139 23
115 22
85 26
139 20
137 27
99 27
40 30
46 27
113 23
51 24
131 28
85 27
67 22
112 23
106 30
159 29
107 21
42 25
66 23
81 23
138 26
146 28
123 26
60 28
98 30
87 30
62 30
97 28
41 24
