41 24
156 28
100 30
137 20
62 29
45 27
114 23
113 23
103 21
76 24
60 25
146 20
158 24
129 30
103 26
113 21
82 30
63 23
156 25
127 26
72 20
60 22
65 20
146 29
116 29
157 20
82 21
75 24
155 21
98 21
61 20
150 21
66 22
110 27
130 27
108 22
45 27
151 26
71 22
84 27
47 25
148 21
49 27
50 26
75 29
125 21
80 23
70 30
65 23
97 20
85 23
56 21
80 21
132 30
138 23
125 27
86 24
80 25
124 29
77 26
119 22
137 21
77 21
123 23
130 20
69 22
45 30
152 28
87 30
134 22
160 29
79 26
149 21
146 20
90 28
87 27
67 28
100 28
101 27
89 23
110 25
126 30
50 23
131 28
114 30
62 23
79 26
101 28
143 22
117 21
107 22
54 22
53 30
84 30
86 24
67 28
111 28
112 27
73 26
123 23
57 26
95 22
153 25
83 26
55 21
91 27
159 20
104 22
124 21
112 25
129 20
113 26
51 28
160 21
146 26
155 30
153 20
68 20
66 22
150 28
104 23
86 23
111 25
160 25
108 29
114 30
131 23
137 22
157 26
59 22
68 22
154 30
156 26
82 23
111 26
113 22
52 30
157 25
70 25
159 26
120 29
59 20
159 25
81 29
100 21
52 27
159 30
46 28
45 22
132 21
153 25
93 29
58 26
69 20
128 25
151 20
139 22
69 29
120 27
40 20
109 25
110 29
134 25
56 23
51 22
151 21
93 29
120 24
114 22
95 26
150 30
51 20
131 29
96 23
99 29
83 30
69 20
63 28
76 25
88 27
62 23
66 22
78 21
140 27
60 26
77 20
93 29
142 28
51 30
133 20
137 21
142 23
43 24
94 27
77 20
154 30
44 23
155 22
104 21
125 26
89 21
54 23
45 25
68 22
82 26
131 22
66 29
78 23
69 24
156 27
61 22
124 27
158 24
57 28
72 28
144 24
45 25
140 28
148 29
99 28
130 24
53 23
149 21
96 20
160 23
67 25
89 23
79 21
87 27
121 26
152 20
141 22
140 30
104 29
65 24
146 21
97 23
158 29
139 27
71 28
119 30
149 23
147 24
145 20
46 26
118 29
54 30
113 27
141 29
87 30
118 21
61 26
50 23
159 24
96 20
42 24
158 27
46 30
142 22
136 23
97 29
136 30
75 26
62 27
52 21
55 29
71 28
144 21
121 30
140 28
89 24
112 30
100 23
153 29
79 21
155 24
45 26
53 26
72 24
127 24
103 23
52 28
69 28
124 27
141 20
120 24
64 24
103 25
138 30
125 22
109 25
73 23
135 28
123 28
113 21
52 22
57 25
128 23
65 28
69 22
154 26
44 21
100 26
106 23
72 21
105 20
142 23
144 22
156 25
153 30
141 20
152 25
127 20
102 23
109 29
44 26
44 26
46 28
131 29
44 20
99 25
42 29
82 30
75 29
76 20
121 23
111 26
133 28
50 28
84 22
79 30
98 27
42 21
135 25
87 29
58 22
112 30
128 21
138 24
157 24
54 22
127 24
97 30
133 29
93 30
130 24
101 26
101 22
147 27
95 26
101 21
53 20
97 23
71 27
156 28
110 26
140 30
66 22
84 21
103 29
95 24
59 25
126 30
57 21
95 25
51 24
49 26
59 29
103 27
128 27
40 30
121 22
77 24
136 25
70 26
69 21
87 20
122 28
122 23
50 22
146 27
103 20
50 25
72 22
108 30
102 29
149 29
105 29
126 25
113 23
101 24
75 23
67 27
143 28
63 20
118 30
157 30
61 27
127 27
135 22
147 22
75 24
144 29
49 28
65 25
66 28
130 25
86 28
113 27
93 27
113 23
56 21
44 25
122 22
144 20
149 24
91 21
98 26
53 30
79 24
138 30
42 30
57 27
60 29
108 24
133 22
129 24
50 21
147 23
138 26
97 23
114 26
136 25
119 24
152 27
49 20
60 30
116 23
84 20
137 28
96 25
68 27
96 25
147 22
56 29
61 30
137 28
50 29
116 30
81 27
66 29
99 27
150 20
59 24
64 28
56 29
64 28
142 25
41 28
147 26
116 22
158 20
51 27
137 25
155 21
48 25
59 26
65 26
158 26
61 21
114 25
80 25
145 30
123 24
119 26
121 26
122 27
121 24
123 20
155 30
107 20
85 30
82 29
120 26
158 28
102 24
59 26
109 27
40 28
49 21
142 27
102 22
85 25
90 23
116 24
159 21
42 25
72 25
86 20
116 23
119 25
63 29
99 30
150 23
70 27
52 24
156 24
82 28
112 22
154 20
104 20
136 27
152 20
83 24
133 24
147 28
43 22
76 25
96 29
110 22
111 24
127 28
102 30
136 27
92 22
124 21
118 28
103 23
48 29
111 30
90 22
160 23
100 26
152 28
74 27
160 21
124 21
125 20
101 29
80 30
44 23
51 29
112 29
120 20
49 25
88 21
74 21
52 25
93 26
41 30
59 24
110 20
136 24
63 30
125 20
159 26
64 20
70 22
158 22
56 25
95 21
77 30
135 23
58 20
92 29
104 27
140 24
129 30
109 22
133 26
123 21
43 22
76 27
112 29
136 26
75 22
89 24
77 26
84 26
52 28
91 22
57 26
89 29
156 29
130 29
72 22
54 23
94 24
134 20
78 24
143 24
125 27
51 26
141 28
85 21
48 20
42 22
126 29
115 29
123 20
153 26
137 25
97 27
125 20
141 24
144 20
155 27
57 29
49 26
86 28
117 26
59 22
151 27
55 26
56 25
116 28
58 21
150 20
98 27
94 20
59 26
143 29
153 28
123 22
61 29
44 28
80 25
130 20
137 28
78 24
70 20
88 24
128 30
68 26
40 23
46 22
124 26
64 28
55 25
134 23
56 24
158 23
51 20
45 26
100 21
115 26
63 30
144 30
50 23
57 28
104 20
92 28
99 21
126 29
127 30
100 23
50 21
121 30
120 24
87 26
128 21
127 25
116 28
59 22
69 28
86 20
154 20
159 20
43 29
91 22
87 24
60 21
43 30
54 22
150 25
107 26
138 20
105 20
112 22
111 20
56 21
72 24
105 28
158 22
137 23
92 25
159 24
66 29
110 27
44 28
127 28
158 25
153 23
150 25
68 25
149 23
46 20
137 29
160 21
146 26
152 28
113 25
101 28
58 22
49 24
43 30
99 29
109 20
117 25
63 27
88 20
76 25
121 27
76 24
122 28
46 20
147 25
121 20
52 29
127 30
159 24
129 21
86 20
65 28
72 20
107 21
146 23
148 26
95 26
48 30
67 27
64 30
74 24
60 20
110 22
152 29
40 24
149 21
58 21
74 29
115 20
116 25
47 20
121 23
53 21
95 29
99 21
41 21
149 30
139 30
146 20
97 25
156 23
42 23
126 28
60 23
42 20
89 30
83 24
140 28
63 30
90 25
54 25
78 27
49 29
91 24
131 28
108 27
43 26
62 26
60 29
76 24
81 28
54 22
105 27
126 23
145 21
150 20
148 30
151 22
119 28
42 22
135 25
148 20
121 20
137 26
51 28
60 28
41 29
125 28
157 20
143 25
80 28
50 21
117 22
105 27
87 28
98 28
153 30
116 29
133 29
158 21
74 25
80 25
77 23
127 30
113 21
57 29
140 27
137 29
50 29
126 27
118 27
53 29
125 27
77 23
153 26
59 24
116 29
69 30
95 27
132 20
101 23
78 20
137 30
138 28
154 22
74 20
90 28
77 22
127 27
129 27
49 28
67 23
53 24
138 29
54 27
97 22
98 21
99 24
63 28
69 26
88 21
144 26
79 29
76 27
133 30
160 26
156 26
49 20
83 22
129 22
124 22
92 23
47 23
106 30
91 24
96 30
61 23
152 24
97 28
135 21
87 26
151 28
157 30
93 26
75 24
111 22
54 27
109 21
57 30
154 21
106 22
87 22
74 21
138 20
130 23
85 25
127 28
110 30
114 29
101 26
73 30
128 23
151 23
116 20
136 27
49 29
80 29
70 28
129 22
48 26
43 28
68 20
105 23
46 23
98 22
138 26
143 30
47 22
95 28
41 27
123 29
80 22
155 30
126 30
107 26
117 30
159 21
153 26
64 22
152 25
48 23
118 21
62 22
110 22
42 27
121 22
145 25
107 24
59 30
85 22
41 21
126 25
45 21
75 20
117 20
103 26
45 26
44 27
131 26
47 30
109 26
157 23
152 23
55 24
87 24
77 29
117 29
128 29
51 29
87 25
151 22
143 30
87 20
66 28
124 30
90 26
116 29
140 20
154 22
50 23
69 26
156 30
142 22
147 25
107 28
139 30
67 27
49 20
58 24
130 23
132 27
151 25
145 23
98 25
98 23
60 25
110 27
50 22
97 30
65 29
52 28
55 27
90 21
111 25
49 21
73 27
138 28
65 30
152 20
70 28
58 25
125 30
68 25
54 27
135 27
86 30
112 29
93 20
86 20
120 22
132 22
47 27
125 28
101 27
106 25
42 25
113 29
138 23
147 23
70 28
122 23
86 25
124 22
85 20
105 24
157 30
52 20
42 22
44 27
93 21
116 29
144 21
127 24
141 24
85 30
122 30
128 21
108 20
80 30
88 29
113 29
94 21
113 25
115 27
57 24
49 24
100 30
135 23
148 25
40 30
73 24
50 22
66 24
126 21
75 28
69 28
141 21
155 28
139 22
121 22
140 29
95 20
104 28
99 30
92 28
78 23
78 26
137 25
90 22
86 27
118 30
136 24
43 28
155 30
44 26
75 26
130 25
44 25
51 27
108 24
143 20
102 24
83 25
58 25
138 28
42 21
131 21
50 23
71 20
55 28
111 20
141 26
60 20
124 20
154 30
147 21
45 25
92 20
137 21
154 30
136 25
108 29
113 27
145 26
139 26
73 24
93 26
67 29
151 25
139 28
74 22
74 29
159 26
57 30
101 26
99 23
148 30
140 20
105 28
150 24
160 27
146 30
143 20
43 22
44 20
79 29
130 29
129 29
144 29
51 23
134 20
41 23
45 22
67 28
143 29
69 27
43 22
55 27
98 22
86 28
122 24
103 22
89 25
108 26
61 27
45 29
132 22
90 21
127 20
58 29
156 22
98 22
78 27
44 26
105 20
119 26
60 23
52 27
70 22
103 26
139 22
124 21
144 28
92 21
84 21
145 21
144 21
145 28
118 26
113 26
45 25
40 21
135 30
119 28
143 30
88 25
104 26
90 27
116 30
61 30
101 29
56 28
144 27
110 28
88 25
99 29
144 27
125 24
47 24
68 21
142 29
134 22
74 28
67 24
95 22
131 26
95 29
49 25
79 28
86 25
50 23
81 26
63 29
81 30
77 26
71 27
117 28
73 20
158 28
99 21
88 20
135 24
117 30
107 30
62 25
139 20
87 29
101 25
110 24
106 27
135 20
68 30
119 23
57 26
85 23
103 29
131 26
130 23
79 23
123 20
46 27
90 28
87 26
94 27
60 29
133 20
96 26
135 20
157 26
98 20
121 25
94 21
133 25
156 27
73 20
150 24
134 28
55 24
123 24
101 28
117 28
99 29
117 22
82 27
136 23
113 28
60 30
137 29
95 27
157 27
147 29
47 23
99 20
48 27
97 23
143 28
130 30
122 28
85 21
52 22
96 22
125 27
133 21
105 24
115 27
46 23
96 27
111 20
139 27
114 21
149 25
77 21
70 21
110 25
158 20
41 25
75 20
88 23
128 20
158 28
73 24
129 29
110 20
133 27
117 26
148 30
90 21
47 28
127 29
90 23
152 24
85 24
112 26
142 23
99 21
106 21
56 23
106 22
147 30
101 28
75 22
87 28
113 22
101 28
46 23
40 22
126 25
42 22
97 28
113 30
111 26
69 27
87 25
68 27
160 28
42 29
78 26
65 21
52 20
145 25
110 24
64 22
90 23
137 22
114 29
83 25
132 21
70 20
141 25
92 26
102 23
125 25
134 25
138 30
122 26
159 29
109 30
70 23
62 27
42 26
83 26
121 27
131 28
121 20
50 27
68 21
64 30
118 21
134 20
85 25
85 29
99 22
80 26
83 21
115 24
81 23
101 30
93 24
127 29
129 24
102 23
157 22
139 24
95 22
46 21
88 29
81 21
73 30
149 22
69 24
54 26
69 29
132 28
155 27
102 23
128 25
157 30
146 20
142 27
83 20
47 28
132 20
132 24
153 24
70 30
139 20
151 22
153 28
61 26
132 26
140 24
92 29
71 24
89 26
139 24
147 23
78 23
146 21
78 28
60 29
67 29
119 26
40 22
65 25
129 27
119 20
146 21
133 22
158 29
86 28
79 29
41 22
100 30
82 20
114 20
57 21
125 28
149 22
150 24
62 24
157 29
121 22
112 26
72 21
79 23
49 25
138 30
59 28
94 22
135 20
153 22
148 25
98 20
130 27
155 27
64 30
130 22
154 23
129 22
66 28
97 26
97 26
65 20
145 24
149 25
94 24
51 28
117 25
111 24
92 30
158 30
130 28
134 25
132 21
100 28
136 29
81 26
118 20
112 30
127 22
144 21
158 22
108 27
65 23
148 21
157 20
137 23
142 30
118 20
106 25
148 20
69 21
121 20
85 27
129 20
112 24
107 27
155 20
124 26
132 25
159 28
99 21
96 20
127 26
127 24
129 26
97 26
132 20
83 23
139 28
79 26
104 24
102 21
109 28
73 27
62 21
90 30
158 26
91 20
87 22
127 21
72 25
77 21
123 30
71 25
108 20
74 20
88 20
77 22
46 28
158 30
91 21
136 22
132 30
61 24
154 28
104 24
141 21
134 23
140 21
158 20
56 30
119 27
77 26
136 26
59 28
45 24
83 27
150 24
130 21
97 21
103 30
152 26
128 21
63 21
107 29
86 27
66 21
49 23
83 29
74 27
144 21
40 30
113 25
62 23
71 23
142 25
66 26
138 28
71 26
157 28
113 22
104 24
139 22
76 30
108 27
101 27
42 27
53 25
51 24
44 23
75 20
114 22
141 22
91 23
85 21
109 27
95 23
67 28
118 20
151 25
103 29
60 28
125 20
133 22
78 23
49 29
96 28
53 28
104 23
100 20
110 23
77 21
148 22
82 20
73 28
105 22
48 27
132 24
160 26
130 20
123 28
132 29
80 30
139 26
76 26
119 26
119 29
135 29
132 24
152 29
81 21
122 30
43 25
51 23
120 25
135 30
79 21
43 22
133 30
44 27
71 29
121 27
127 20
71 22
46 23
79 29
148 28
144 22
67 28
98 23
75 20
120 28
48 30
50 21
132 26
58 24
117 20
42 28
43 27
62 28
69 22
64 23
114 28
61 28
124 27
154 24
53 26
59 27
122 23
137 22
137 28
55 21
133 27
61 30
130 25
119 21
131 22
150 24
76 27
144 24
61 28
160 29
150 23
48 24
97 24
159 25
139 26
159 21
103 22
93 24
95 20
131 25
58 27
57 20
105 23
124 30
68 29
149 29
116 25
51 22
140 30
134 28
135 25
68 26
65 29
44 21
57 29
95 29
84 24
152 22
71 26
116 25
50 24
74 28
148 24
90 23
112 25
150 30
160 28
46 29
151 23
59 21
61 28
114 29
136 26
70 20
149 26
91 23
111 29
110 29
93 24
129 26
80 28
72 26
148 26
123 26
106 30
60 28
148 26
120 30
50 24
92 23
73 23
160 27
47 28
96 24
107 26
109 30
81 22
149 29
53 23
112 25
119 27
150 20
75 22
111 29
130 25
97 28
66 23
97 21
118 25
48 26
160 26
110 26
130 27
155 26
111 27
133 24
150 26
123 26
54 27
67 25
125 24
59 25
108 23
157 27
143 26
100 24
81 26
97 21
84 21
87 28
48 25
134 25
144 25
149 25
130 30
135 30
139 22
146 20
137 30
103 25
53 28
58 30
94 30
76 22
119 24
83 22
106 21
143 27
140 20
75 23
68 30
152 26
89 22
43 26
48 25
115 28
79 24
95 27
122 22
112 20
49 29
98 22
59 27
64 21
150 29
126 29
130 30
134 29
77 20
60 27
97 27
92 27
62 28
55 24
53 20
112 26
144 20
62 22
138 28
112 28
121 26
139 29
68 24
158 30
95 26
83 26
62 28
44 23
115 24
97 24
123 21
94 28
116 28
78 26
99 30
81 21
40 22
69 26
112 28
54 29
125 28
40 29
54 22
134 26
83 20
59 26
159 20
74 25
48 22
42 23
129 28
129 24
51 26
122 30
89 24
87 29
75 25
132 22
44 27
152 28
124 23
108 27
104 30
132 29
72 23
110 28
102 24
86 25
79 24
91 23
131 25
158 22
68 28
112 28
109 28
58 21
110 24
116 30
98 29
80 28
67 20
103 20
89 24
124 27
151 22
120 24
50 26
105 21
121 22
40 30
97 21
89 29
150 22
115 27
90 25
53 20
119 26
141 22
51 29
64 23
61 26
142 29
64 22
110 26
45 23
81 26
56 22
106 22
116 24
50 22
143 28
58 30
160 22
118 21
148 20
84 29
59 28
131 20
60 25
149 23
97 26
57 30
137 26
74 23
109 21
53 20
85 20
152 20
127 30
58 22
143 25
56 25
93 20
99 26
135 29
92 23
119 26
130 26
132 23
113 25
55 26
133 30
64 21
157 27
51 27
103 21
87 27
97 30
44 22
89 23
41 24
70 26
159 28
69 26
68 25
146 27
148 22
44 21
55 20
104 22
110 27
42 29
48 23
59 21
140 22
42 21
103 24
92 22
135 21
136 29
128 25
107 26
74 23
114 24
57 27
82 24
59 24
96 23
136 27
152 24
129 23
91 26
108 27
53 26
111 21
45 21
112 20
118 29
43 26
75 30
94 29
155 26
81 20
88 21
118 26
103 28
106 21
143 21
87 30
50 30
149 24
112 28
48 29
60 20
99 30
150 20
89 20
109 21
63 23
81 28
69 25
102 23
72 20
142 28
96 26
146 30
79 30
91 30
137 22
85 23
88 20
102 25
85 21
160 29
117 26
42 22
74 23
157 22
44 28
120 24
152 20
74 26
132 26
145 25
102 25
81 25
140 20
85 26
95 24
137 23
147 21
61 30
75 22
91 24
55 23
97 22
137 30
123 29
58 23
139 21
109 21
113 26
152 28
76 20
140 28
146 23
58 27
130 25
105 26
123 22
111 22
150 21
136 26
66 23
64 27
99 20
121 30
113 22
132 24
88 24
104 25
128 27
101 24
43 30
72 24
107 21
77 29
59 30
140 25
53 20
43 30
66 22
112 26
66 21
136 25
121 27
89 23
54 20
83 26
113 24
104 26
144 28
146 26
134 29
68 22
147 25
137 23
70 24
157 29
102 21
151 24
150 30
103 20
151 28
109 28
46 25
159 23
138 24
121 29
154 25
104 27
122 27
71 22
114 28
61 30
104 25
58 30
45 26
47 26
89 24
120 25
68 25
150 27
52 22
73 30
108 26
74 20
42 25
122 28
51 20
143 27
156 30
40 23
158 20
47 23
127 24
150 25
65 20
61 24
138 29
47 20
66 21
160 25
147 25
112 29
147 22
55 26
76 23
155 28
68 23
60 24
126 27
143 25
125 29
65 21
72 21
90 22
120 30
46 22
118 23
129 29
99 27
66 28
118 27
61 25
129 28
121 23
138 27
54 25
160 26
141 23
85 22
133 21
78 26
104 28
134 29
85 28
153 23
54 20
151 20
109 27
110 28
58 24
66 23
40 30
100 30
133 24
135 30
84 23
58 26
118 23
77 25
125 28
110 21
71 21
116 25
100 27
45 20
137 28
50 30
147 23
95 21
128 30
69 22
88 22
84 24
123 20
56 26
85 22
43 29
78 27
138 30
53 21
86 29
64 26
71 20
83 25
157 29
42 23
66 26
137 29
84 25
58 28
145 26
73 26
120 21
77 26
51 30
123 29
53 30
75 29
153 30
133 28
76 25
147 20
107 22
58 27
42 24
84 28
154 25
72 28
67 20
112 21
97 27
150 29
139 22
69 26
55 20
69 20
126 21
87 22
92 21
72 28
142 24
46 28
91 29
81 27
120 28
45 24
115 25
83 20
154 28
43 25
52 21
115 27
100 26
149 25
40 30
127 22
160 23
102 28
127 21
53 20
117 29
159 27
91 25
117 25
80 27
102 26
157 22
79 25
74 21
69 21
55 28
116 29
109 27
81 21
85 28
49 30
121 25
83 20
120 26
108 23
78 21
107 23
68 27
102 29
114 21
121 25
41 26
57 22
96 25
64 25
86 25
84 28
140 22
146 20
158 27
54 20
124 24
149 30
110 20
49 21
134 29
58 25
55 29
120 20
122 26
76 21
94 21
143 23
55 21
119 28
58 24
160 20
102 29
135 29
55 30
152 26
155 25
94 23
51 23
110 27
78 30
107 29
62 29
119 21
47 20
116 28
64 28
132 22
145 23
42 23
132 22
134 28
59 27
124 23
94 26
68 29
135 29
129 25
157 25
87 20
98 24
50 20
155 23
148 23
157 20
115 30
93 25
67 22
124 26
54 26
43 26
64 28
116 23
124 26
90 20
116 26
105 20
135 30
59 27
108 30
70 21
79 28
68 20
124 24
142 22
97 30
136 20
145 20
128 26
106 23
150 30
145 24
82 23
118 28
105 29
109 20
80 29
58 24
142 24
67 29
123 24
120 29
93 30
67 30
90 27
45 23
74 25
87 20
80 28
52 22
61 25
80 20
137 30
112 30
150 23
131 30
53 24
101 20
126 30
153 21
121 28
136 21
114 25
143 28
69 21
127 25
107 26
82 24
96 24
151 22
123 27
104 23
153 24
56 24
104 26
128 24
120 29
99 27
99 24
43 29
74 28
135 22
77 20
84 22
125 23
86 24
131 25
69 30
69 27
76 29
42 29
101 25
87 29
127 20
136 26
145 27
143 23
128 22
125 27
84 24
153 23
71 26
47 30
64 23
118 27
100 29
45 24
159 29
60 21
108 22
158 22
81 25
78 28
50 21
95 29
44 26
107 29
146 25
150 25
137 25
156 27
138 26
125 28
55 26
59 22
114 26
126 30
58 26
100 27
134 22
117 22
50 25
106 27
103 29
159 21
42 22
71 24
83 23
54 29
41 27
105 24
113 20
88 25
97 29
134 23
148 30
110 20
47 28
85 22
147 26
129 20
160 22
152 28
119 29
101 22
70 23
78 21
135 27
154 30
44 29
93 21
53 21
143 23
68 24
160 28
89 21
148 24
67 27
44 26
59 28
148 27
136 26
