117 29
113 23
41 28
149 30
96 27
151 27
79 26
92 28
111 20
154 22
135 20
118 30
110 21
63 20
110 22
129 27
153 25
88 21
147 21
128 22
62 23
111 28
41 20
138 25
110 26
141 26
56 30
134 30
71 22
144 30
60 25
75 25
69 22
68 30
117 20
147 30
76 26
110 29
80 29
60 23
71 23
121 25
71 27
104 30
90 30
72 26
44 22
87 21
96 22
41 25
140 23
63 26
127 27
54 20
140 29
83 20
72 29
42 25
133 20
51 23
77 20
136 27
71 28
71 30
67 21
88 22
49 22
49 23
100 21
72 20
63 28
132 27
160 24
126 25
120 27
46 30
51 30
73 26
149 20
41 28
155 28
78 29
55 30
56 23
117 21
44 27
128 25
154 30
96 28
124 26
57 23
151 20
127 22
60 30
148 24
118 29
129 30
54 26
115 21
53 30
41 20
138 21
101 24
64 26
135 23
81 23
88 28
96 23
85 29
141 20
64 20
53 27
84 20
67 21
110 24
72 23
131 27
91 23
137 24
117 28
139 29
65 21
103 28
85 26
80 22
80 25
58 21
45 25
146 20
117 24
71 20
70 30
98 23
80 29
125 24
152 24
107 29
55 20
120 21
146 26
160 26
65 23
72 22
108 27
154 21
94 20
44 25
64 27
146 25
135 25
70 27
154 30
71 25
152 20
54 27
129 20
76 24
67 28
147 26
109 23
84 24
101 26
86 29
89 26
90 26
109 22
71 30
71 24
78 23
70 20
131 26
148 21
153 29
98 28
134 20
124 29
98 26
107 21
126 22
59 27
81 21
97 30
42 27
87 30
77 29
149 27
115 27
67 27
106 24
84 22
58 24
73 28
64 30
124 26
159 29
128 27
78 27
144 27
72 21
62 20
67 30
104 25
108 23
97 29
70 28
115 21
123 27
110 24
100 30
96 21
78 23
151 30
47 24
154 30
57 30
78 24
63 29
153 24
137 21
88 20
58 20
148 22
40 28
55 22
87 30
91 24
45 30
118 21
133 24
58 27
91 26
113 20
73 25
42 21
96 27
129 20
67 29
147 25
77 26
64 28
120 21
64 21
143 25
155 30
58 26
66 20
62 24
146 27
106 21
140 30
81 30
109 23
136 29
89 25
70 23
56 24
65 28
54 26
142 30
86 20
144 24
119 24
126 29
40 22
89 21
120 28
115 22
113 21
123 25
140 26
110 26
127 24
59 30
40 25
136 20
157 27
132 27
58 26
150 24
57 28
47 22
152 26
110 24
122 22
137 30
126 21
109 30
141 22
136 28
143 24
80 22
85 28
118 30
51 22
51 25
159 24
47 20
144 27
133 25
111 25
86 24
119 30
70 30
149 28
120 26
94 24
113 28
56 20
118 21
57 22
48 23
107 22
74 27
73 28
54 22
155 20
93 24
68 20
104 23
119 24
55 29
129 26
147 28
45 30
155 26
104 22
119 27
116 22
48 24
150 29
70 29
69 22
118 22
99 22
89 29
107 27
55 28
140 29
104 22
154 20
125 22
62 28
103 28
139 29
110 30
152 23
62 30
112 25
47 21
105 28
117 28
151 29
42 26
131 26
73 25
112 21
118 28
101 23
137 21
80 26
73 23
145 22
92 24
104 29
150 23
139 23
66 27
137 30
59 25
59 22
90 27
145 30
71 25
122 21
54 26
95 26
159 20
141 29
159 25
135 23
87 24
129 30
44 23
125 25
154 26
153 27
159 26
51 28
154 23
96 26
41 24
150 30
89 26
71 28
52 24
49 27
70 20
59 23
108 21
153 25
108 21
150 29
141 29
56 20
64 29
135 23
158 30
57 24
118 21
89 25
94 30
131 26
64 21
72 30
68 25
67 26
52 29
64 23
150 24
93 28
98 29
83 28
42 26
93 21
54 20
91 26
160 27
86 24
132 27
132 23
122 25
76 29
83 21
63 24
139 24
48 24
126 30
84 23
43 29
104 30
71 26
109 27
130 30
49 25
68 21
129 22
50 23
47 21
41 27
117 28
146 23
149 27
68 30
64 26
88 29
126 21
124 27
134 25
63 21
124 30
109 29
117 25
142 26
127 30
136 24
148 26
157 29
55 30
98 21
126 21
141 28
51 27
140 25
57 25
53 24
147 30
85 27
61 22
132 23
129 30
110 21
71 27
43 26
109 27
73 21
40 30
85 30
152 24
156 23
58 26
138 23
106 28
99 30
159 20
79 29
73 21
135 20
115 27
136 30
99 23
55 30
91 20
45 20
92 24
71 29
123 23
136 28
91 25
145 20
94 28
64 23
122 25
85 28
155 20
100 25
146 28
55 30
121 30
115 21
125 30
143 24
98 28
140 22
150 29
63 21
149 30
144 27
119 21
84 29
78 20
143 26
92 20
144 27
63 28
140 22
58 29
102 28
151 29
111 25
150 21
137 27
55 26
94 22
110 26
157 26
95 25
80 27
66 20
121 23
112 25
149 26
91 25
77 27
144 27
46 22
80 23
80 23
130 22
77 24
158 21
72 22
106 23
131 25
60 30
66 24
51 20
79 27
116 28
93 30
126 20
120 25
63 27
111 28
159 20
154 23
54 27
89 28
102 22
61 25
125 25
86 25
126 26
112 21
50 24
101 21
65 20
67 25
91 30
57 23
81 21
103 23
131 21
43 30
109 23
95 24
158 26
44 27
145 28
159 28
82 24
99 29
116 22
57 26
87 25
47 20
122 29
44 25
136 21
103 26
80 28
113 21
68 22
122 20
76 22
68 21
97 20
68 30
91 26
146 27
49 27
160 21
94 27
116 27
136 30
102 27
133 23
137 29
102 27
76 28
63 20
68 24
70 25
42 21
128 30
138 29
111 28
143 27
57 27
90 27
103 23
150 24
130 21
141 29
155 21
109 30
62 20
156 28
94 22
85 21
80 24
140 20
121 20
65 25
50 30
81 28
64 27
128 21
119 28
74 20
140 30
85 30
151 26
117 22
75 28
40 26
69 24
67 26
105 22
59 21
121 26
117 28
92 20
87 27
112 21
118 28
82 28
65 30
71 26
119 28
57 26
126 30
66 27
102 26
64 30
156 21
124 22
52 22
46 27
82 22
101 23
59 24
46 21
115 22
111 28
75 24
41 30
143 29
76 24
79 24
97 30
128 28
137 26
61 25
106 25
52 22
53 20
62 20
110 22
100 27
100 23
126 25
142 25
120 23
144 22
151 24
60 24
84 20
58 21
125 27
145 29
60 26
52 20
160 27
132 29
91 22
159 22
140 26
112 28
51 26
71 30
51 27
127 30
105 29
158 28
81 26
79 27
153 24
127 21
121 26
146 28
141 28
106 23
151 28
56 29
84 21
135 26
75 21
59 25
61 22
130 28
159 21
95 26
72 30
47 20
112 29
76 30
105 25
117 26
57 22
53 29
159 24
156 24
42 27
102 21
89 29
96 30
67 29
119 26
68 22
140 20
120 23
143 29
141 26
43 22
136 22
155 26
134 22
76 24
108 28
135 21
153 23
114 26
147 30
53 25
76 30
132 27
143 29
89 28
75 30
107 27
103 23
156 28
119 29
148 28
49 30
101 29
152 26
137 29
93 24
68 27
71 20
123 20
89 24
62 29
107 27
128 24
116 20
76 28
114 24
150 25
41 26
83 23
48 28
147 29
139 23
76 27
155 23
93 23
152 27
66 23
156 25
60 22
107 21
123 28
112 27
136 24
75 20
69 28
128 25
45 26
47 30
72 27
132 30
113 30
95 24
50 30
83 26
58 25
42 27
86 27
122 21
100 21
52 25
138 26
139 26
143 26
139 25
103 30
40 28
82 27
49 22
73 26
116 23
48 22
133 22
121 23
97 23
89 21
71 23
86 22
117 20
71 21
45 26
94 28
56 25
147 26
153 21
56 21
119 21
115 29
64 27
135 25
132 30
50 21
138 24
54 23
138 26
115 30
67 20
159 23
49 22
92 26
123 30
83 21
107 21
124 22
103 22
132 21
57 28
154 29
92 29
56 26
73 23
153 29
60 30
64 24
114 30
107 21
82 30
147 22
151 27
158 20
129 26
92 23
108 26
95 27
70 30
154 25
58 25
122 28
159 26
65 27
65 26
72 27
153 23
138 22
44 20
132 26
45 30
89 30
63 29
115 22
56 25
53 28
158 25
123 23
99 20
146 28
157 30
151 24
127 29
98 21
69 28
71 21
148 29
124 20
147 22
143 22
106 27
51 27
138 25
117 26
69 25
74 23
74 21
60 23
55 24
117 29
42 22
149 20
147 21
137 24
65 29
144 23
142 26
85 20
140 21
59 27
47 29
67 29
82 30
107 21
68 29
102 21
129 27
86 24
60 25
46 23
120 22
62 22
101 20
146 24
128 20
73 21
137 23
102 20
126 26
71 24
100 27
41 27
126 25
105 24
104 22
156 30
126 25
143 29
48 26
73 22
123 29
58 24
136 27
124 27
129 27
143 30
56 25
141 23
154 21
103 30
144 25
49 30
130 21
40 28
99 20
83 20
116 25
94 29
87 29
133 21
69 24
145 24
70 26
76 29
145 28
76 23
96 28
51 27
113 22
78 28
63 21
160 25
53 28
149 21
114 29
159 22
111 23
119 30
147 30
104 20
160 26
73 22
114 22
138 28
64 28
121 28
55 25
103 24
91 28
58 21
53 21
105 28
137 27
47 25
122 23
63 25
74 29
62 26
76 24
80 26
128 28
81 21
117 28
70 21
101 25
45 24
155 27
94 22
138 30
40 23
115 22
100 28
86 22
110 29
144 22
52 21
89 20
44 22
117 27
77 21
150 28
78 29
76 25
106 28
69 28
106 26
86 22
145 27
108 25
111 28
142 23
118 26
44 25
146 29
58 24
129 22
119 21
88 21
104 25
75 21
80 24
107 29
67 24
106 22
155 23
111 23
77 20
73 23
66 24
56 23
144 30
97 28
64 23
43 21
134 28
149 24
128 28
143 26
47 30
52 21
90 26
57 20
82 28
107 23
108 28
131 26
77 26
158 27
152 30
124 21
107 22
106 20
102 30
146 27
94 26
87 22
131 22
63 28
115 27
92 26
113 27
158 21
134 27
109 26
135 28
66 29
43 28
85 21
145 26
73 20
86 20
100 25
146 27
78 30
51 22
143 28
121 26
64 23
50 28
154 20
159 25
79 28
105 23
118 25
93 20
93 26
156 27
50 28
108 25
95 23
56 28
117 27
153 25
138 24
66 25
129 30
111 27
149 28
86 27
61 23
81 26
95 22
128 29
114 25
46 30
151 21
129 21
62 29
117 26
97 27
47 27
117 28
65 26
122 27
107 25
63 25
87 28
137 23
114 22
63 27
134 26
45 27
158 27
123 20
93 28
67 23
62 28
124 21
61 24
131 24
105 28
67 25
47 27
49 26
152 20
61 29
79 23
125 23
152 29
124 28
93 30
48 27
91 24
43 29
78 20
121 25
152 21
159 23
149 21
151 26
145 20
82 24
51 20
59 30
64 27
44 27
125 27
91 29
128 29
118 30
142 22
134 24
103 21
96 20
50 21
150 28
72 22
102 26
74 23
83 25
147 22
128 20
132 23
93 29
132 23
69 27
107 22
61 29
103 30
130 26
69 21
51 24
144 24
106 27
133 29
72 30
61 28
84 29
98 26
157 25
154 21
121 21
105 26
48 21
65 21
111 25
115 26
149 21
83 30
75 30
66 28
97 22
41 21
59 20
139 20
122 20
44 28
56 29
140 29
119 21
144 24
104 21
135 28
67 25
73 29
68 21
56 25
45 30
150 25
129 27
61 20
93 26
78 23
59 27
121 20
132 25
67 20
75 23
144 22
44 20
124 24
140 24
158 29
68 22
58 22
95 27
157 26
127 21
63 23
144 21
146 20
90 29
97 29
84 21
147 23
87 22
98 26
76 28
40 25
131 23
113 20
133 25
148 28
72 26
40 26
42 28
44 24
155 29
79 23
68 28
131 27
75 25
90 29
56 25
55 25
146 25
156 22
108 30
97 29
117 26
61 24
63 23
81 29
158 30
58 27
96 22
65 20
79 25
81 23
135 23
43 20
90 22
76 27
126 28
65 26
123 27
45 23
157 24
58 20
89 29
127 24
134 24
76 26
85 28
138 27
153 27
44 24
78 23
100 21
89 21
113 24
153 23
70 28
96 21
46 22
115 22
89 30
126 28
80 22
77 21
40 26
125 26
90 20
127 27
63 30
58 26
88 22
81 26
128 22
101 23
151 27
151 23
121 21
47 26
124 28
145 25
97 27
128 24
122 28
119 23
145 30
130 21
159 30
68 25
87 24
156 24
149 25
160 28
157 27
140 30
81 25
113 24
59 20
86 21
132 20
144 26
106 26
93 23
42 28
90 30
44 20
108 21
106 25
117 22
63 23
59 25
111 21
152 21
87 21
94 26
152 24
145 20
129 27
151 23
122 25
153 26
106 27
106 26
145 25
91 26
144 30
139 24
102 21
74 23
81 20
149 21
118 27
147 23
58 21
153 22
146 29
128 28
71 27
125 22
131 27
78 21
73 29
69 22
59 23
51 29
83 22
117 27
141 28
158 24
151 27
82 27
151 26
52 29
152 22
143 25
125 21
146 26
75 30
124 24
83 21
138 21
110 24
62 20
110 24
97 29
49 21
75 26
54 26
49 22
85 29
147 27
64 20
122 22
53 30
104 23
51 25
159 24
125 23
120 25
104 21
93 27
41 21
133 22
151 29
134 21
43 22
100 28
102 30
123 24
91 30
70 25
103 20
90 23
54 20
147 22
116 26
142 26
149 21
95 21
77 25
91 20
99 23
82 24
85 29
117 26
92 28
133 27
48 21
89 24
122 28
93 23
79 22
115 21
148 29
156 29
83 26
120 20
160 27
144 27
119 29
95 25
113 25
43 29
160 25
42 26
109 21
124 27
141 25
116 27
55 26
46 28
144 20
52 25
96 28
117 22
139 23
62 25
95 30
159 20
118 21
75 26
159 22
127 22
122 29
82 25
70 29
100 26
100 22
91 29
154 26
133 21
60 27
100 29
127 29
129 20
148 28
109 25
153 26
40 21
121 30
148 29
112 30
98 25
114 22
73 24
111 25
141 25
108 28
105 23
153 25
121 25
87 30
52 20
102 22
44 25
57 20
94 27
119 27
90 29
103 29
128 28
126 29
58 29
147 29
146 30
141 25
68 29
99 24
70 27
78 22
44 23
46 26
76 25
122 22
85 22
77 21
141 22
110 27
113 27
85 21
144 23
109 25
48 28
108 22
46 22
100 25
155 25
101 21
44 25
40 25
71 29
97 25
111 28
138 27
41 25
101 24
107 28
150 20
141 25
143 28
79 25
128 29
106 27
72 30
98 21
108 21
46 21
136 27
73 20
136 21
79 22
89 21
118 22
86 28
110 20
64 26
41 29
136 25
91 28
125 25
71 27
66 23
113 26
120 24
52 30
80 23
125 25
119 20
91 22
96 23
134 26
132 26
41 26
153 26
108 30
138 24
51 26
159 21
88 20
160 27
139 21
153 25
57 21
101 26
116 27
142 26
81 30
77 25
61 21
143 21
149 22
57 24
120 22
153 22
158 30
72 27
50 24
60 25
148 27
53 25
142 27
96 27
88 24
84 30
68 27
92 24
42 25
83 29
71 30
95 29
133 23
61 20
70 21
110 24
131 22
129 27
124 30
44 26
131 29
152 20
105 20
103 25
51 27
85 25
124 25
145 25
120 24
63 24
72 20
45 25
118 24
53 23
49 22
102 24
80 22
116 20
51 23
86 20
158 24
42 30
121 26
48 27
145 20
43 27
93 27
95 20
65 21
89 28
159 28
70 24
75 30
122 29
139 22
155 27
91 21
130 26
138 28
107 22
82 29
139 20
133 27
129 24
82 30
71 26
66 30
49 26
41 23
140 30
102 21
115 24
137 26
119 25
44 25
109 21
140 26
145 23
137 28
74 27
124 26
129 22
56 24
154 20
48 30
86 22
98 25
128 20
137 27
92 30
149 20
126 21
119 28
60 21
106 22
66 27
85 26
111 22
160 28
122 24
103 24
118 28
78 25
49 21
82 30
109 26
55 25
155 26
160 21
50 30
116 28
53 24
107 29
99 26
67 28
46 28
62 27
146 21
82 29
101 30
63 24
116 30
59 23
131 23
84 21
153 29
50 25
67 27
143 28
42 23
150 21
122 22
47 22
72 22
150 24
41 26
41 29
146 30
80 22
123 22
100 27
155 21
89 22
84 22
78 21
52 22
125 20
79 20
135 24
91 25
134 25
112 29
57 24
56 23
66 28
151 23
141 23
61 28
150 28
86 29
54 27
105 30
71 22
145 20
125 20
150 20
93 27
65 26
49 27
136 30
47 28
81 27
76 28
87 27
90 29
132 27
139 20
156 29
92 21
125 28
73 22
41 20
99 23
122 25
130 25
138 30
157 22
125 27
102 21
137 27
136 30
144 29
123 24
57 29
106 22
156 20
94 24
70 28
149 23
74 30
152 30
99 22
148 20
118 23
154 24
67 22
111 26
95 24
116 30
65 25
103 20
81 27
126 20
112 28
96 23
141 23
62 21
156 27
159 23
103 20
124 20
70 21
124 27
83 28
128 25
125 26
121 23
128 22
92 21
82 26
112 28
111 23
111 29
111 21
129 22
155 28
116 28
148 24
97 24
67 22
56 22
50 23
64 24
64 24
159 27
74 26
57 25
106 28
88 27
151 28
129 20
79 24
109 28
86 22
137 27
63 23
154 29
140 25
96 22
57 25
79 25
143 25
130 22
40 20
57 20
143 28
132 20
155 28
71 24
50 29
83 28
44 30
41 22
86 27
115 26
101 28
64 22
123 22
53 29
145 26
118 29
155 25
53 30
59 27
159 25
128 26
128 23
152 20
107 30
107 29
112 30
145 23
155 30
59 26
89 28
146 30
124 26
59 20
48 29
112 25
67 29
81 29
60 27
77 25
55 24
40 24
88 24
55 29
94 30
104 21
127 20
124 29
95 26
58 25
142 22
105 21
102 27
135 24
122 26
95 28
136 21
78 28
92 28
126 26
63 26
148 30
45 21
157 28
121 20
144 27
42 21
128 26
117 24
159 29
66 28
83 30
81 28
124 30
94 22
51 29
119 28
124 25
120 24
151 30
91 29
54 29
64 26
153 29
84 20
74 23
104 24
122 22
158 22
102 27
120 26
127 22
105 26
130 29
111 26
147 21
127 29
134 22
99 25
75 24
118 26
40 24
43 28
130 22
80 29
114 24
156 28
158 26
108 30
157 27
144 28
47 29
124 22
118 21
117 23
40 28
123 27
76 23
58 28
156 21
56 23
136 30
131 22
154 29
76 25
40 25
104 28
145 27
125 23
105 20
136 23
144 24
47 25
113 22
58 30
85 21
81 26
89 29
59 27
140 29
94 29
104 24
146 28
71 29
76 20
69 29
159 24
118 23
125 24
61 30
69 21
124 21
115 30
53 28
81 29
115 30
79 25
121 27
131 27
158 27
63 28
75 25
100 23
123 26
140 29
44 25
111 27
152 24
79 21
105 22
52 25
105 25
78 26
97 27
74 29
69 27
89 20
44 21
55 29
139 30
91 24
132 26
152 28
117 22
116 21
110 30
117 28
100 23
83 20
136 30
155 21
109 25
71 25
51 20
151 25
116 27
62 26
56 23
90 24
85 29
84 26
156 21
144 20
110 20
138 28
104 30
145 24
115 28
96 29
140 29
65 28
76 20
47 23
132 20
63 21
95 27
58 21
158 27
80 28
67 23
80 26
65 28
47 28
119 21
72 27
70 25
114 21
91 20
113 29
43 30
77 28
73 20
65 23
61 25
146 29
66 22
110 21
98 24
158 23
102 23
74 25
91 27
86 26
101 30
160 29
114 23
156 30
125 21
82 20
98 25
50 26
95 20
93 20
134 20
73 28
102 29
118 26
123 28
98 20
45 28
78 23
51 22
92 24
137 22
88 30
104 20
40 20
137 29
100 30
79 25
58 29
147 24
129 29
128 28
85 27
91 25
131 21
110 30
58 24
99 22
81 26
157 24
126 24
147 24
53 28
71 20
43 21
41 23
109 28
66 26
67 26
72 21
105 23
127 20
109 22
137 28
90 23
72 26
97 29
48 24
148 21
41 29
141 22
108 25
146 24
52 23
75 22
66 28
143 28
153 25
89 24
81 26
58 28
94 29
139 23
62 25
134 27
107 23
50 26
154 21
108 27
107 28
81 23
109 25
96 20
128 20
111 20
145 24
46 30
128 22
93 30
128 29
89 25
50 24
154 25
44 27
48 20
134 24
113 24
144 25
141 25
128 22
52 25
52 24
67 21
160 26
83 27
142 28
43 24
42 28
83 27
81 28
122 20
106 22
120 30
46 25
133 30
133 24
107 26
147 23
58 30
63 28
63 24
65 21
70 29
86 21
134 25
126 29
121 21
60 22
72 29
48 30
124 24
90 21
97 26
150 30
84 22
76 27
123 24
58 30
142 30
76 28
102 21
43 21
159 21
158 26
115 26
155 20
43 23
150 30
42 29
126 25
66 20
125 28
157 26
80 29
100 22
90 22
47 26
87 20
67 27
94 30
42 21
48 24
152 30
50 29
110 20
48 21
156 28
83 30
54 21
70 25
52 23
106 26
121 20
110 25
123 21
42 25
159 24
152 25
137 25
107 23
97 21
83 23
142 25
47 25
130 22
124 20
140 25
158 23
40 21
109 27
123 29
75 20
138 22
75 22
59 29
76 24
96 26
93 21
89 25
159 23
51 21
44 25
130 27
84 22
89 28
45 20
108 24
80 25
93 27
59 24
136 27
92 24
154 23
157 27
100 24
51 29
128 29
102 20
141 20
47 25
52 22
140 23
128 27
99 23
146 24
102 28
144 30
124 23
95 23
72 23
84 23
128 25
98 20
63 22
119 23
160 25
131 23
82 24
129 30
96 26
73 30
87 24
66 28
71 30
138 30
138 25
72 28
76 22
123 24
45 20
44 25
137 20
110 20
139 20
113 20
108 25
77 21
112 26
146 21
78 28
153 24
54 30
61 24
121 26
58 29
51 29
53 28
56 29
102 28
67 23
117 20
101 29
142 27
114 25
85 21
58 26
54 29
151 26
72 30
76 21
56 30
95 23
100 25
139 29
123 30
43 29
127 30
63 28
122 29
102 30
158 22
46 25
140 24
58 22
122 30
125 23
76 25
87 24
83 22
108 30
126 22
122 23
40 26
