61 28
107 28
95 21
42 24
49 22
88 27
93 22
63 25
106 25
67 23
98 27
139 26
153 28
154 29
149 27
53 30
123 25
51 30
135 23
77 21
41 28
41 28
118 22
88 23
113 28
127 28
99 20
59 24
154 24
91 24
119 20
40 24
50 23
99 24
127 23
62 30
83 25
156 22
154 27
56 25
55 23
47 22
71 24
153 29
106 28
84 22
159 20
125 20
156 28
43 21
134 23
120 20
83 30
97 30
157 22
76 26
119 24
95 24
102 27
117 29
52 21
119 22
160 21
154 21
150 30
92 21
71 20
154 23
81 20
143 23
49 23
148 22
118 28
94 23
133 26
79 27
61 24
134 26
58 23
98 29
84 22
50 24
146 24
79 23
97 22
139 30
158 27
87 25
158 20
97 29
133 29
97 29
60 26
76 24
73 29
103 23
114 21
120 25
121 26
63 30
137 25
73 25
67 28
45 26
58 21
69 25
105 23
71 26
95 25
111 23
65 30
103 30
108 28
95 28
132 21
109 20
49 21
104 28
101 21
66 28
105 29
159 26
99 23
148 22
40 25
127 27
122 30
60 27
101 29
51 22
70 27
156 25
74 26
155 26
104 20
123 23
109 27
156 22
90 29
95 20
129 26
73 29
110 23
59 24
69 23
138 24
117 20
141 26
103 26
128 25
140 20
118 24
144 24
77 26
144 30
77 28
47 30
158 28
101 29
117 30
113 20
80 25
75 21
58 28
147 22
81 30
97 30
57 27
131 26
73 26
75 21
93 28
55 20
41 24
43 25
57 27
91 22
62 27
55 24
54 30
155 29
81 20
78 21
147 27
51 25
156 27
65 21
65 20
142 29
51 22
123 22
111 25
118 24
131 21
134 30
153 22
119 26
110 28
119 24
49 27
72 22
80 29
155 24
152 25
128 26
158 20
144 21
158 25
66 21
109 29
139 20
152 29
63 22
96 25
146 28
157 24
90 28
112 21
152 22
75 20
74 21
69 28
129 24
77 25
103 26
41 24
105 21
57 21
72 28
112 21
43 20
105 27
157 20
112 29
136 27
160 28
138 29
51 21
111 28
43 22
121 30
77 30
88 28
111 29
75 29
45 23
144 26
133 25
66 20
64 29
72 27
156 21
58 25
76 21
68 23
118 26
84 22
94 21
130 20
60 25
140 22
111 27
74 22
72 22
95 30
111 23
155 24
138 29
113 27
148 25
92 23
40 28
41 29
69 30
57 27
133 22
49 28
144 21
84 21
147 22
104 30
156 29
129 21
52 24
89 21
140 27
116 26
119 23
135 25
139 21
83 28
56 30
130 24
128 29
58 23
75 25
84 24
138 30
86 21
82 29
51 26
154 30
154 20
53 27
105 24
58 27
149 29
78 21
126 30
154 28
102 23
61 24
64 20
101 22
157 25
126 22
115 24
144 25
59 30
100 22
63 25
132 29
67 21
54 26
120 28
52 30
134 24
70 20
82 23
93 22
124 26
101 25
149 28
120 23
135 23
121 20
82 28
48 25
110 30
139 25
68 23
42 30
140 20
40 26
91 23
47 20
126 24
104 26
42 26
108 29
136 22
55 28
106 28
147 25
81 24
78 21
81 20
45 23
142 23
124 20
121 29
73 28
114 28
138 23
144 29
104 20
83 20
119 27
87 28
152 24
83 29
53 22
60 26
132 28
154 25
90 26
77 26
93 23
117 24
119 27
98 25
42 28
43 29
81 27
83 29
145 28
125 30
80 26
40 28
111 26
44 28
75 21
110 25
149 28
156 25
92 26
46 26
112 27
52 30
102 28
150 20
126 30
157 23
88 30
101 22
153 29
124 28
81 22
46 20
151 26
119 20
94 26
76 27
104 21
54 26
56 24
92 21
158 30
113 28
116 22
40 29
50 26
59 25
115 22
139 28
49 25
75 27
102 25
81 29
100 24
134 26
94 24
43 24
68 20
101 30
127 25
105 21
65 23
141 28
57 30
125 26
160 28
59 29
72 28
48 26
144 30
52 28
109 29
120 23
130 30
87 21
91 28
140 25
107 23
45 26
124 27
69 20
40 27
113 27
81 20
44 23
139 24
150 25
87 30
48 29
146 22
60 26
122 24
133 27
52 30
129 22
42 25
145 21
53 24
103 30
86 22
124 25
118 29
71 28
75 26
77 24
129 26
52 29
53 21
130 25
158 28
86 28
120 24
125 26
127 26
46 23
60 23
123 27
81 26
156 29
98 24
51 23
49 20
94 23
66 28
68 24
75 22
53 29
105 23
131 28
160 20
127 27
91 30
61 29
128 20
72 20
113 25
70 23
71 21
74 28
91 26
158 26
74 23
126 20
88 20
139 29
130 21
151 29
93 28
40 25
139 20
74 27
73 29
140 26
59 27
46 23
74 29
46 28
67 29
40 21
70 20
88 23
128 29
75 29
158 30
54 27
72 20
52 29
132 25
159 26
104 22
113 23
125 25
49 26
112 30
64 30
158 21
83 22
41 21
87 27
107 24
113 28
111 30
124 27
41 29
103 25
104 29
138 21
158 25
57 29
89 25
134 29
97 29
126 29
150 30
136 25
68 29
143 21
88 29
131 20
147 28
106 24
91 26
96 24
84 28
58 28
130 27
144 25
143 22
47 22
126 27
105 23
133 22
107 25
157 22
49 23
60 28
98 24
156 26
106 22
131 24
77 29
155 29
120 29
51 26
113 22
96 29
127 30
52 26
44 22
158 26
88 26
85 29
98 23
94 30
130 27
67 23
129 26
127 29
148 21
74 20
59 24
82 27
110 28
112 28
94 26
52 29
145 28
120 30
117 28
139 20
95 21
74 27
154 26
109 26
115 22
148 20
158 20
62 28
74 23
151 23
55 25
139 26
100 24
53 20
65 24
154 28
134 25
46 23
151 21
107 28
68 23
102 24
128 20
140 29
55 29
97 26
70 30
157 29
93 22
99 25
140 24
115 30
111 29
106 23
84 24
81 24
94 26
154 27
80 30
113 21
99 22
48 21
146 30
140 28
68 24
112 28
65 27
125 26
109 29
106 30
110 26
66 20
73 24
74 27
93 23
62 24
124 23
156 28
128 27
92 23
146 26
87 28
49 20
93 30
122 22
118 25
50 27
102 30
42 28
158 29
42 22
135 27
103 21
139 22
47 22
143 28
103 21
86 28
129 30
77 21
125 27
74 22
91 27
87 23
52 29
60 27
58 21
70 28
51 29
113 30
64 29
137 21
113 25
130 24
125 20
62 24
69 27
124 30
118 27
51 23
144 29
114 21
76 21
58 28
84 28
151 20
145 30
100 29
139 24
143 27
87 20
107 28
102 20
74 22
76 22
117 25
108 26
102 20
96 23
80 29
151 21
54 30
62 21
104 23
115 21
145 23
122 28
153 20
147 23
55 26
115 29
94 20
40 20
113 21
67 29
93 29
114 21
94 23
66 24
126 24
133 24
110 21
43 28
153 24
56 26
123 30
72 26
81 26
41 22
153 26
63 25
141 23
53 24
144 24
149 23
148 30
155 27
45 29
136 26
99 25
128 20
92 23
128 24
69 27
100 25
72 28
74 22
41 27
83 25
85 25
79 27
156 26
126 30
123 26
133 25
151 28
40 26
150 20
122 22
140 23
114 26
136 24
108 20
149 23
119 21
136 26
99 25
148 22
99 23
103 22
70 27
148 28
86 30
126 21
156 28
87 20
127 28
56 20
145 23
42 28
43 24
140 25
121 22
153 21
139 21
133 20
126 28
160 29
56 25
80 30
111 26
67 25
118 27
75 25
55 27
45 29
139 29
119 25
135 22
49 27
76 21
91 24
133 27
80 22
118 26
95 20
61 27
95 24
46 23
73 25
154 23
73 25
97 30
80 21
138 20
63 29
74 26
92 28
49 30
137 25
110 24
70 26
98 29
45 23
68 21
119 25
45 26
110 26
144 20
65 28
114 23
58 23
147 25
97 21
144 26
148 27
133 23
76 27
144 23
112 30
45 22
96 30
85 30
102 22
82 21
103 21
124 23
158 23
68 20
103 24
90 27
98 26
149 22
151 24
56 24
113 24
159 27
44 24
155 23
134 28
147 21
62 25
103 25
108 28
74 29
88 21
89 24
78 27
150 23
111 26
75 24
57 28
117 24
122 30
53 25
153 28
52 29
120 25
153 28
80 22
123 30
53 25
118 20
139 20
71 20
160 29
55 23
106 26
67 21
136 22
132 24
72 20
101 27
88 22
43 22
54 24
100 20
82 25
139 28
139 21
66 30
136 24
130 20
72 28
157 26
101 25
127 30
108 20
43 22
84 26
127 20
116 29
59 22
135 24
157 23
150 25
40 27
146 24
137 24
69 28
121 25
103 21
94 28
126 30
96 30
99 29
90 30
47 28
115 27
126 23
112 23
119 20
50 20
139 26
118 27
111 27
70 27
146 22
57 21
101 22
153 22
44 20
131 25
158 25
84 23
66 20
84 24
45 26
68 23
62 24
129 21
127 28
144 26
135 25
75 25
45 24
89 20
117 30
126 30
91 30
86 22
125 24
111 30
140 20
109 26
150 25
111 22
108 25
148 26
94 27
98 28
142 24
41 20
108 29
130 25
43 24
70 26
121 26
52 30
134 22
122 26
54 28
68 20
77 28
67 28
146 20
72 30
124 29
125 24
146 30
42 25
43 27
160 22
148 28
76 30
77 20
145 24
96 29
159 27
101 29
149 21
110 24
95 21
88 20
134 24
67 20
105 30
103 29
113 25
139 20
135 22
53 28
144 28
89 25
112 21
59 27
78 30
115 30
83 22
143 22
96 27
92 24
41 27
137 23
128 27
159 30
110 22
64 30
141 26
79 22
110 22
80 29
40 27
136 27
152 28
40 26
133 25
51 22
101 24
42 22
138 23
67 27
101 29
74 24
105 20
61 25
96 21
142 24
88 28
84 26
113 24
135 26
80 20
83 20
55 27
68 21
117 30
120 28
88 28
83 20
104 22
125 29
141 25
48 22
100 24
128 23
153 21
62 23
65 30
66 20
64 22
68 26
103 27
140 26
141 26
123 22
86 26
119 22
143 27
135 27
84 22
136 20
144 21
107 29
74 21
105 23
79 25
86 28
60 23
95 21
118 22
110 23
139 30
46 28
65 22
120 23
96 30
112 26
157 27
155 27
74 28
153 20
152 22
74 21
135 24
52 23
51 21
78 21
93 26
141 20
85 20
155 25
94 29
89 29
141 25
79 20
53 27
94 30
72 26
111 29
134 22
87 22
83 21
150 29
49 24
69 20
86 25
158 30
50 27
150 24
159 23
72 25
40 20
151 24
155 30
76 30
73 25
100 24
139 24
113 27
65 20
44 26
95 21
108 25
127 24
83 28
68 22
74 24
94 28
77 21
49 27
150 27
43 22
151 23
100 22
101 20
64 29
89 25
108 23
52 23
115 22
94 27
63 27
100 21
148 25
92 30
84 23
120 26
154 22
125 26
130 20
51 27
153 30
83 25
82 24
88 20
125 29
139 21
130 25
135 29
62 29
111 21
132 30
54 21
134 28
154 22
104 28
65 22
120 25
117 27
126 29
59 28
129 21
106 21
65 30
148 25
61 23
150 20
49 24
82 24
76 22
143 22
78 23
74 30
43 29
87 20
139 25
67 24
84 27
119 24
111 21
118 21
56 26
40 22
136 27
151 22
68 23
103 20
110 20
158 25
85 24
57 20
87 21
154 30
125 28
44 20
98 29
96 25
78 25
65 21
52 30
60 21
70 25
41 23
72 20
124 30
143 30
150 30
160 21
88 22
43 28
131 30
51 26
112 30
142 22
62 23
89 26
61 22
131 25
105 27
64 27
97 25
97 27
112 28
54 30
113 25
97 27
122 25
94 24
76 22
45 30
54 30
66 21
128 22
135 27
91 22
120 29
42 25
71 28
145 21
152 21
135 20
152 21
155 25
129 29
130 21
132 21
43 21
92 22
93 22
103 25
75 22
90 28
126 29
149 28
97 25
160 28
120 22
67 22
108 23
102 26
45 24
111 22
147 29
47 21
136 27
72 22
142 23
66 20
53 30
41 23
154 30
129 27
87 28
76 20
65 21
142 26
145 27
90 28
78 24
127 22
110 27
78 26
114 20
43 24
160 22
135 26
66 25
132 25
93 21
64 22
156 23
40 22
144 21
45 23
80 30
79 25
41 29
154 25
148 24
88 24
54 23
88 30
110 25
139 30
81 27
92 25
62 23
138 29
76 26
86 21
54 29
95 20
107 28
66 21
81 23
116 26
87 28
133 29
75 26
124 29
154 23
156 24
136 24
51 21
145 21
89 24
55 27
41 24
56 21
41 26
122 25
68 30
51 28
80 22
63 30
82 24
73 23
159 20
79 22
83 29
141 21
159 22
137 28
147 26
149 26
135 20
103 26
66 24
117 29
46 22
41 25
141 29
137 21
72 28
40 29
90 22
103 28
95 28
116 24
77 24
89 21
122 29
86 20
96 24
137 28
143 28
93 21
92 24
87 26
125 25
64 27
108 20
117 24
86 23
130 22
62 27
124 28
140 25
95 22
128 21
129 21
160 24
93 27
122 30
95 23
70 26
44 27
49 22
63 28
106 27
81 21
121 24
129 30
114 30
87 25
107 26
49 20
64 21
63 20
94 23
62 23
52 22
66 24
119 21
62 21
91 29
112 26
85 20
88 23
58 29
123 29
152 29
151 22
57 20
83 24
77 28
135 26
40 24
93 29
137 20
125 21
147 23
155 30
78 23
145 21
151 27
148 27
149 22
53 22
66 30
142 24
88 30
145 20
61 28
47 20
126 30
87 25
93 27
123 25
103 30
113 22
102 23
105 29
55 20
64 25
68 21
146 25
106 23
134 27
77 28
52 26
64 26
84 20
138 21
75 22
66 24
116 21
114 29
67 30
111 28
120 25
76 28
158 23
133 22
103 27
96 30
78 24
41 28
145 21
155 20
50 24
104 23
119 21
81 23
145 27
156 20
87 24
120 20
80 29
93 22
106 29
111 27
127 21
112 25
46 27
98 21
160 26
78 20
108 29
116 29
102 20
99 23
140 30
100 20
135 30
60 29
156 23
45 20
97 28
70 23
43 20
143 23
62 29
150 29
148 29
136 20
97 30
101 24
53 26
63 25
77 28
152 26
102 23
66 22
124 30
120 25
159 22
82 27
87 23
101 20
41 20
50 26
114 22
73 25
55 24
78 25
87 25
139 20
110 22
148 21
112 29
160 24
94 21
58 27
98 29
64 24
71 20
133 30
72 28
77 29
139 29
129 21
160 30
106 26
151 25
158 28
150 27
148 22
77 22
64 21
63 29
79 20
93 28
41 23
75 21
135 22
120 30
43 24
148 20
133 28
115 21
81 29
58 25
80 29
132 23
111 21
109 26
105 27
113 20
61 28
85 25
86 20
124 30
159 23
108 22
105 25
104 20
62 29
98 25
150 20
119 21
62 21
117 28
65 29
131 29
80 20
139 20
58 21
143 21
94 25
118 24
114 28
56 20
89 29
74 25
75 29
157 22
116 27
60 24
131 22
121 21
117 30
55 28
146 30
43 27
48 30
109 30
146 21
143 20
126 27
148 24
116 29
63 25
136 20
120 30
57 26
136 23
64 26
106 28
58 22
160 29
128 24
45 30
76 23
133 27
66 23
122 25
152 30
108 28
66 25
130 21
132 27
142 27
148 30
152 22
101 21
134 30
98 22
159 25
58 30
103 26
105 23
70 21
136 24
70 30
110 25
124 20
68 22
42 24
137 25
159 26
132 28
81 20
142 28
101 26
85 21
76 24
137 22
98 28
116 26
89 28
96 30
151 29
137 27
123 26
152 27
123 30
100 29
54 26
127 25
97 29
156 23
151 30
107 22
129 26
111 29
130 26
130 28
41 27
145 27
47 23
158 21
89 27
138 26
114 24
121 29
153 27
100 23
78 23
154 29
125 20
51 20
160 26
69 24
57 20
76 24
102 20
89 25
80 30
51 20
143 20
134 28
124 30
98 22
108 23
149 20
60 22
93 22
99 23
48 24
158 30
145 27
100 21
102 29
93 20
59 29
122 30
45 22
118 29
129 30
50 22
122 24
50 21
58 22
41 20
44 22
88 27
134 27
73 28
78 24
158 28
75 20
96 20
114 26
105 20
124 27
102 29
83 24
155 29
107 27
111 25
101 24
68 27
92 23
93 28
103 25
152 20
55 22
42 21
139 24
80 27
74 22
130 27
112 26
45 21
70 28
155 23
60 24
127 25
49 30
143 27
117 20
113 23
106 30
152 30
115 22
106 21
102 25
51 22
141 21
144 29
70 28
123 28
46 26
154 21
64 30
116 26
66 29
73 25
149 27
131 29
156 21
77 20
154 28
102 28
137 28
92 20
55 23
48 20
62 29
119 22
49 27
147 29
128 21
121 21
91 29
88 24
87 26
107 20
159 22
45 30
62 25
76 20
91 21
95 29
73 22
61 26
123 23
136 20
154 21
135 25
157 23
46 27
62 26
116 28
117 20
143 29
158 20
56 28
97 26
45 25
41 27
53 29
101 29
74 26
80 27
146 27
148 24
113 30
84 27
115 29
154 23
94 28
82 21
117 24
133 24
139 20
107 23
57 20
112 20
102 27
88 28
121 24
108 21
121 26
141 25
63 21
58 26
111 29
151 26
139 30
109 21
96 29
116 24
103 26
114 23
84 23
128 30
133 23
159 21
141 25
130 24
40 25
79 23
70 26
146 29
80 23
151 25
132 22
85 23
139 29
56 30
160 22
133 30
57 27
154 28
91 24
43 29
149 25
72 24
41 27
122 26
71 24
46 27
63 20
48 27
98 20
114 28
153 24
121 22
66 22
109 28
137 28
141 22
114 25
97 20
153 26
119 26
87 20
143 29
120 28
40 29
106 30
56 28
50 21
55 20
103 20
86 29
114 25
99 29
155 26
57 23
120 22
91 30
69 24
133 29
52 25
125 25
102 30
139 24
41 27
64 20
108 23
55 21
84 24
109 25
48 24
155 29
99 24
144 29
151 20
119 26
72 23
78 24
127 20
51 20
66 20
145 30
153 23
72 23
144 27
101 26
145 27
126 24
83 24
135 28
49 23
120 27
142 22
144 29
53 29
94 24
136 25
92 25
54 23
142 22
104 27
62 27
51 20
158 29
53 30
66 24
107 20
123 27
113 22
151 27
128 20
40 29
108 26
117 27
106 28
82 24
80 22
48 27
64 20
153 25
153 23
40 26
144 30
90 23
125 25
158 28
131 30
106 26
94 30
88 28
60 29
150 28
138 24
120 24
160 30
88 28
141 24
123 22
106 25
141 20
147 20
142 20
72 22
105 27
47 22
138 27
138 22
92 28
155 25
85 21
135 25
100 21
151 23
80 27
95 29
72 21
121 23
129 29
148 28
82 25
124 21
97 27
77 22
101 29
91 22
122 27
92 30
50 22
121 27
107 28
81 24
122 23
120 28
146 26
88 29
126 27
102 30
107 27
114 21
83 25
136 24
47 29
58 20
123 30
131 29
127 22
143 21
131 22
129 20
89 21
127 28
65 30
152 26
45 29
114 21
86 26
44 27
70 26
99 22
123 25
143 20
67 25
55 25
89 30
58 29
131 26
109 28
49 28
146 25
138 25
71 22
138 20
110 21
137 22
60 22
86 20
116 22
105 20
110 21
79 23
98 22
43 23
147 27
146 23
82 30
98 23
52 22
62 29
99 20
129 26
133 26
115 26
65 23
97 28
59 27
44 24
83 27
72 21
116 24
108 21
68 26
158 26
87 25
41 23
87 24
137 30
150 25
118 27
40 25
96 26
114 30
69 23
131 24
59 21
132 24
64 27
84 22
137 27
82 28
138 24
156 23
63 25
115 29
148 28
154 26
113 30
136 27
96 24
143 22
117 29
98 20
104 26
126 26
116 23
146 21
73 23
80 23
146 26
86 29
141 24
104 25
71 28
86 27
43 26
130 28
131 21
146 26
89 29
158 24
112 24
86 21
113 24
95 23
58 22
67 30
40 22
76 22
158 20
151 20
73 28
120 28
74 30
52 30
101 26
90 27
140 29
109 29
92 26
76 28
100 23
41 24
93 20
89 27
83 21
116 22
109 25
40 25
105 30
90 23
75 27
74 23
54 20
64 23
61 20
63 30
64 20
59 23
57 25
119 23
120 30
144 30
140 27
57 21
62 26
57 24
63 22
120 26
147 21
121 30
105 21
105 23
150 26
126 23
157 28
67 23
66 26
87 23
75 20
114 28
126 21
142 21
131 23
75 24
65 27
96 25
91 30
113 29
153 27
108 29
57 22
105 29
81 26
41 24
97 23
152 21
121 25
90 30
140 22
73 23
117 21
148 22
103 29
40 24
138 21
130 30
89 27
100 21
97 24
42 27
52 20
55 24
118 26
41 28
66 21
139 21
158 20
154 20
130 24
87 23
135 21
133 20
122 20
67 28
88 28
112 20
117 27
77 25
45 23
46 27
46 30
89 24
158 26
134 28
157 22
122 23
142 30
128 27
82 21
51 26
84 30
66 20
155 30
65 26
144 27
142 23
59 23
41 22
109 29
116 26
92 23
41 24
81 28
71 29
89 28
91 23
135 27
98 26
65 30
67 21
41 30
43 30
62 30
121 30
94 28
70 28
150 25
129 24
59 25
123 21
75 22
87 20
122 28
122 30
155 26
142 24
94 25
130 26
69 30
130 27
119 22
104 21
106 21
68 21
124 22
94 23
54 23
107 27
40 22
107 29
79 28
75 20
114 24
76 24
160 22
105 30
83 24
117 24
82 24
151 24
153 24
159 26
58 22
116 25
72 30
92 27
54 25
44 30
135 21
67 22
83 26
117 28
120 20
48 20
118 28
158 24
78 26
83 21
113 23
99 24
43 26
135 22
135 30
146 30
126 30
71 30
111 20
155 25
137 24
93 23
127 22
132 30
65 26
126 26
108 27
98 25
144 24
60 22
133 20
82 27
73 30
80 20
73 30
67 26
150 30
152 28
53 25
99 24
65 22
106 25
119 26
145 20
140 30
61 22
103 30
159 25
145 24
52 30
115 27
159 24
125 21
62 25
51 26
69 25
83 20
87 27
97 28
154 20
148 28
133 25
125 24
95 24
141 27
95 24
85 26
87 25
151 23
114 21
107 21
132 23
123 26
89 22
102 26
113 25
136 27
66 27
118 25
114 20
115 29
44 20
116 26
118 21
148 22
137 21
68 21
51 20
121 25
87 29
