119 26
96 29
71 24
124 20
41 24
127 27
74 26
102 25
88 29
107 27
158 26
59 25
112 20
160 20
139 29
82 30
57 30
43 27
48 23
44 28
50 23
136 30
111 22
78 28
98 23
107 30
105 21
85 29
44 28
105 28
102 21
114 30
118 25
121 21
110 20
116 27
151 24
120 28
41 25
150 28
133 28
125 29
147 27
100 29
94 29
151 23
46 20
142 26
136 27
89 25
113 25
107 28
138 23
104 20
150 20
103 30
124 21
63 29
107 20
122 29
100 21
97 21
73 24
127 27
157 26
77 20
59 30
53 29
91 20
121 25
64 29
74 20
139 22
142 24
127 27
52 25
120 22
111 24
142 26
152 24
104 25
76 26
81 30
83 21
66 20
133 22
83 21
67 28
59 28
40 21
115 24
150 30
120 26
107 25
79 22
56 24
113 28
71 22
54 25
107 27
60 30
96 23
105 20
68 21
158 21
101 27
146 30
90 24
150 24
119 29
112 30
146 21
158 21
78 28
128 22
92 28
54 22
79 20
126 30
156 24
99 26
54 26
160 20
92 26
91 23
84 24
121 30
50 26
104 29
107 26
51 22
93 21
115 30
47 21
122 20
60 25
145 29
157 21
153 22
78 22
77 28
159 27
119 27
144 21
118 23
114 20
66 20
79 22
60 30
92 25
159 30
149 25
128 26
136 22
92 21
100 27
158 20
144 22
47 27
90 22
131 21
62 23
143 27
104 25
70 21
120 25
159 30
152 21
99 27
104 30
117 22
105 24
50 30
88 25
61 29
79 26
111 21
130 29
52 26
147 26
42 24
41 25
137 27
78 29
74 29
157 28
45 25
97 26
48 21
57 20
48 22
156 25
51 29
147 22
108 29
97 23
99 26
135 30
101 22
88 21
129 20
40 28
76 23
59 20
99 26
110 30
137 21
131 22
152 28
108 23
117 30
102 25
145 27
137 25
110 26
56 25
93 22
90 24
129 21
129 25
83 30
74 20
52 20
146 28
128 23
85 20
84 30
152 23
62 21
135 30
62 23
128 30
111 20
106 27
48 20
103 22
66 22
136 23
139 30
68 20
136 22
48 24
139 23
53 20
72 24
154 29
114 24
95 29
86 20
108 30
42 22
129 30
130 25
89 25
66 21
97 25
124 28
93 22
79 28
71 25
59 30
160 25
98 26
122 22
79 26
93 21
126 25
94 21
91 30
152 28
110 20
70 27
125 26
64 26
109 20
90 28
72 28
75 22
52 30
98 27
132 27
119 22
71 24
66 23
78 25
91 24
74 21
48 27
72 28
108 23
149 27
149 21
49 27
80 30
110 28
111 29
129 23
131 28
95 24
85 26
95 29
79 26
103 24
151 27
129 24
72 21
152 25
60 24
138 22
151 20
123 21
117 26
100 21
156 26
63 23
93 27
75 30
145 24
59 23
158 21
60 22
104 25
83 28
134 23
98 29
48 28
143 20
66 30
155 26
41 26
84 25
62 23
70 25
132 21
66 29
70 28
48 28
114 21
59 30
129 26
146 30
158 21
85 20
78 25
59 27
121 30
52 26
128 22
99 30
93 22
106 25
146 28
51 30
102 21
108 22
109 24
145 28
160 21
45 26
45 22
103 25
108 24
80 20
94 24
126 28
68 23
49 23
89 23
101 29
67 22
122 24
143 23
93 23
141 30
41 23
139 27
151 30
68 24
88 28
160 22
82 20
140 29
61 23
157 29
113 24
43 30
48 25
69 30
144 22
135 30
118 20
60 24
115 28
48 25
81 24
48 24
120 26
149 22
154 24
137 24
73 25
51 22
53 25
149 22
45 21
78 21
89 24
88 20
129 30
85 26
129 27
154 26
106 21
48 25
117 24
42 25
60 30
48 25
140 25
159 23
76 20
103 27
91 24
109 22
81 25
158 22
64 29
68 21
159 20
149 29
130 23
155 23
110 28
98 30
122 22
150 30
130 28
97 30
117 30
83 23
43 29
88 23
42 26
128 23
78 28
118 26
75 28
119 26
134 24
46 22
106 30
122 27
106 29
99 25
89 24
113 28
47 24
92 21
62 22
127 24
43 30
101 21
144 25
149 29
137 21
100 28
91 25
44 29
79 28
98 30
122 26
64 21
124 23
75 28
127 26
100 30
122 29
110 26
106 30
93 21
45 24
119 21
111 24
66 26
101 21
155 22
126 26
118 25
139 24
95 25
136 26
77 22
67 21
50 27
49 30
99 25
139 30
108 25
41 26
103 25
129 30
151 29
132 23
134 20
108 25
136 26
50 26
118 23
43 21
155 25
135 24
136 20
96 24
115 20
146 21
86 29
59 30
96 20
75 24
99 24
129 26
158 30
92 21
130 24
140 23
43 26
141 25
146 21
121 22
104 23
72 23
127 23
44 21
113 23
77 20
121 25
110 20
80 26
62 20
65 24
53 22
85 25
134 23
98 30
90 30
120 22
70 27
151 23
85 28
106 28
139 27
154 26
158 28
71 27
117 24
152 23
154 23
124 23
136 30
113 29
110 21
77 30
110 26
159 21
122 22
91 25
109 20
63 29
127 24
72 27
113 29
63 20
94 23
95 26
121 29
153 20
142 20
67 23
56 30
128 29
126 20
138 27
41 25
112 22
125 24
92 27
64 22
104 29
71 26
153 26
131 20
54 20
63 27
134 25
116 20
81 21
127 27
141 21
48 29
153 27
124 21
94 26
126 27
113 25
83 26
160 20
131 24
104 21
100 27
141 26
83 30
140 22
138 27
104 25
72 27
152 20
151 20
112 22
61 26
145 20
83 30
146 23
78 27
52 28
120 28
123 27
56 20
112 24
96 27
118 22
116 20
144 27
86 23
92 28
82 25
120 28
139 20
71 29
132 27
41 26
58 27
49 20
65 27
84 28
106 22
79 27
110 25
49 22
94 29
96 21
51 27
139 20
55 30
132 20
59 21
50 23
50 27
93 29
138 25
101 28
121 23
83 21
103 25
87 22
90 30
124 22
95 28
157 28
150 25
48 23
117 27
137 24
50 29
65 22
108 23
114 24
47 30
151 26
133 24
69 26
128 29
119 30
89 22
114 28
51 29
106 30
82 23
76 25
131 28
74 26
90 23
116 21
59 30
155 29
113 20
94 21
56 26
42 29
157 28
160 25
55 22
129 30
109 28
87 29
122 22
127 27
109 21
98 28
151 23
77 30
62 28
115 24
115 23
100 22
124 21
93 20
148 20
153 20
60 26
98 24
153 29
62 28
145 20
137 20
76 29
111 22
91 24
112 27
160 24
143 26
96 26
76 20
121 20
45 28
105 26
50 28
81 22
97 22
72 22
41 25
92 27
142 21
87 29
112 24
148 21
105 23
137 21
152 26
150 23
65 28
120 23
143 23
81 22
109 27
144 21
115 26
90 30
76 25
130 21
42 23
110 28
128 30
85 21
113 30
86 21
43 30
44 20
49 23
41 24
74 26
88 29
115 21
72 20
61 23
57 30
86 25
78 29
139 30
111 24
52 21
133 21
98 24
116 30
58 25
147 22
55 21
140 29
146 25
153 22
131 26
82 23
155 25
100 23
42 30
135 22
141 21
137 28
100 24
71 22
68 29
83 29
85 22
59 26
80 27
156 29
143 30
47 25
125 23
100 21
47 29
138 29
56 29
105 27
107 24
69 26
159 22
89 24
125 24
129 21
66 20
149 24
119 29
141 27
83 29
69 20
159 28
111 25
48 23
130 24
131 29
125 20
111 23
144 20
63 22
121 26
48 23
132 20
155 22
57 28
145 25
85 28
117 27
63 20
157 27
65 30
74 28
50 27
125 22
73 30
111 22
74 29
108 26
66 25
120 21
96 29
69 26
150 21
88 27
66 30
88 30
160 22
61 30
65 25
115 25
112 23
77 27
92 25
83 23
53 22
90 28
68 26
108 23
76 20
159 24
81 23
80 28
51 29
85 24
112 22
138 21
137 22
77 24
140 29
141 23
69 22
121 21
87 30
127 27
142 28
102 22
125 28
141 28
40 23
83 22
71 21
86 29
45 29
62 20
121 28
160 26
65 30
157 25
151 21
79 23
52 26
69 24
146 23
80 22
140 22
49 23
145 27
111 25
42 28
64 30
72 25
147 29
120 20
103 24
73 20
119 22
76 24
143 29
94 29
58 27
91 30
123 24
138 30
84 20
93 21
61 29
158 23
115 27
149 28
147 23
97 27
139 23
97 27
65 25
88 21
157 26
49 24
131 27
92 27
101 23
155 28
110 28
75 24
82 23
140 20
100 28
91 30
158 29
109 25
142 27
40 20
85 21
137 23
135 23
85 29
138 23
49 20
74 26
40 29
158 29
96 22
157 24
64 25
45 25
87 28
89 20
72 24
114 25
146 30
127 21
72 22
90 21
54 21
144 30
84 25
49 20
132 27
60 23
124 29
109 22
108 30
142 25
43 20
93 23
103 29
149 20
132 24
93 21
144 22
96 27
120 27
141 23
150 26
50 30
112 20
50 25
109 25
125 27
51 24
132 20
154 26
130 29
87 25
130 26
127 24
151 25
87 22
132 26
40 20
156 29
93 24
155 23
90 29
142 20
57 27
51 29
143 24
143 21
158 20
145 28
128 23
96 28
110 22
86 24
56 20
124 27
100 27
59 27
96 27
107 26
149 21
124 26
53 28
145 22
155 24
160 24
40 26
47 22
112 24
74 22
142 21
131 24
160 22
102 25
149 26
125 23
129 20
62 20
104 23
158 23
132 24
151 21
116 25
42 26
64 30
56 22
126 28
67 23
145 28
73 27
109 27
98 20
131 22
69 20
86 24
153 26
114 22
160 21
53 21
80 30
105 26
67 20
109 28
146 29
45 24
151 22
73 20
57 22
104 21
107 30
119 22
144 21
127 30
90 25
147 23
118 22
139 27
140 25
122 29
104 29
44 29
108 24
151 23
107 28
84 25
45 24
44 25
93 26
155 30
130 22
98 29
130 23
76 20
45 30
43 22
79 29
131 20
159 20
50 26
123 26
134 23
52 22
140 24
57 26
57 20
110 30
97 25
84 30
93 24
103 22
110 21
52 30
103 21
122 28
125 21
156 25
103 30
61 29
51 24
116 30
84 30
96 22
43 24
64 21
157 22
128 24
98 29
66 23
92 28
157 23
154 28
95 23
144 30
116 30
144 27
42 24
96 24
149 29
108 26
45 29
151 25
52 22
55 21
144 24
111 24
103 22
155 23
93 30
146 26
75 24
90 22
131 21
98 28
98 26
113 28
47 30
129 30
52 30
61 30
78 22
81 30
75 27
113 25
89 27
74 23
93 26
90 20
116 28
117 24
135 20
139 27
129 22
44 20
125 26
97 23
103 30
160 21
78 24
78 25
110 30
111 28
114 22
107 30
49 28
42 25
46 25
114 25
79 22
115 22
135 23
82 20
153 23
93 28
99 24
113 20
140 28
42 27
92 25
44 27
126 27
158 20
137 27
159 30
45 27
47 25
133 23
99 22
138 23
122 20
84 29
130 29
55 20
156 28
85 26
83 25
129 24
145 23
78 30
48 20
44 22
90 29
40 30
126 28
93 29
149 27
73 27
75 26
85 20
99 25
124 22
86 30
105 24
46 29
54 21
73 20
141 30
102 21
147 27
104 28
143 27
85 21
94 25
54 26
65 30
89 30
64 28
115 24
126 20
139 28
112 26
71 21
89 29
123 26
150 24
76 20
64 24
108 23
109 22
77 23
44 23
56 26
70 22
91 30
121 27
153 29
94 26
145 28
77 28
87 29
98 29
102 29
121 25
108 24
44 28
118 30
47 21
137 27
77 29
86 21
111 28
137 24
110 21
40 30
153 26
57 21
69 27
61 27
126 23
50 30
125 26
43 20
123 26
96 27
127 27
86 24
153 24
149 22
99 28
152 23
51 25
44 28
120 22
68 28
44 20
60 30
57 20
85 23
102 23
126 24
65 30
135 25
58 30
99 26
67 23
138 29
123 23
101 27
140 21
108 27
60 24
118 26
80 29
153 22
98 25
149 25
47 20
124 20
89 29
156 30
55 25
152 21
119 24
132 21
108 20
96 29
148 25
82 27
120 23
159 24
94 25
107 29
109 24
59 20
69 24
145 20
115 28
42 26
92 25
130 23
75 27
118 20
50 23
134 20
58 23
148 28
49 24
50 25
124 24
103 29
75 23
124 22
114 20
87 20
83 22
111 21
82 20
66 25
66 24
48 28
160 22
106 27
51 27
55 26
111 28
157 30
91 27
122 30
64 26
156 25
85 26
128 20
76 29
134 21
154 21
146 27
40 26
107 20
97 27
115 23
146 20
58 30
95 30
99 28
52 28
98 29
135 30
158 28
86 26
78 28
130 24
157 23
94 20
124 28
152 23
129 23
65 21
82 22
47 28
58 20
85 24
91 24
146 22
89 23
85 20
79 24
139 20
123 20
67 24
59 21
66 28
130 22
54 29
64 23
160 23
83 28
93 29
51 30
105 23
82 25
121 22
109 30
44 27
112 23
147 22
58 24
54 22
53 25
124 27
153 26
72 23
144 23
53 26
110 25
68 27
117 24
109 20
90 28
57 30
145 23
63 27
57 22
58 22
67 30
84 20
44 23
57 23
69 21
133 21
126 24
67 27
135 22
126 29
157 30
153 23
99 27
103 29
128 23
110 27
147 27
106 22
147 30
58 28
142 26
62 30
111 24
149 26
63 26
73 23
47 25
55 26
114 28
112 27
122 30
121 26
110 29
88 23
72 25
62 22
135 21
83 26
137 26
40 30
46 23
54 26
129 23
94 25
101 24
89 30
114 27
71 27
62 24
101 25
44 24
45 22
153 26
115 30
144 20
61 21
63 23
128 21
151 30
81 21
116 21
49 29
99 25
140 20
75 21
145 25
119 26
148 30
104 29
119 22
67 24
77 22
121 30
155 27
92 23
67 26
138 30
63 22
54 28
75 27
64 24
122 25
73 30
68 27
45 26
47 28
94 25
78 22
78 23
70 24
118 21
69 21
107 24
59 27
55 20
69 26
74 22
61 21
158 23
132 27
82 26
107 22
124 26
118 30
121 29
73 26
68 28
117 21
118 23
60 26
137 24
83 24
74 23
106 21
63 21
143 23
57 29
54 29
103 23
117 20
49 25
115 28
49 25
146 23
94 25
121 26
145 29
154 20
53 22
151 24
44 24
92 30
142 21
142 23
87 25
73 21
97 25
87 27
126 20
44 29
87 26
131 21
63 24
100 25
138 24
155 25
151 21
121 26
99 22
75 26
96 28
70 28
155 21
92 23
135 22
90 29
58 30
73 27
98 21
142 30
108 29
96 22
51 21
114 24
108 24
87 26
76 20
65 25
156 25
144 28
63 20
63 22
127 26
94 27
151 27
151 24
157 24
149 29
82 24
133 24
151 27
149 27
152 23
152 28
132 22
140 23
147 30
62 24
153 23
59 23
59 22
63 25
98 24
82 27
103 22
160 30
116 24
64 25
63 25
157 24
153 28
113 20
150 30
69 21
85 29
82 26
131 24
87 30
132 20
153 25
106 29
145 28
107 26
89 22
132 23
108 21
72 27
137 23
52 26
104 21
112 24
95 26
114 24
128 27
110 24
101 24
102 20
80 29
120 21
93 28
122 21
78 22
86 27
80 23
91 25
103 23
149 25
128 21
51 20
69 24
148 25
114 30
107 26
125 28
138 26
137 29
76 24
50 28
56 28
154 23
80 30
74 29
101 21
60 26
122 28
80 28
119 26
58 28
42 21
157 24
159 27
153 30
77 20
58 29
56 29
84 21
66 28
86 28
83 20
147 24
87 21
151 24
73 30
77 29
151 29
150 23
53 20
45 25
79 27
80 20
81 30
129 21
85 29
156 28
99 20
82 22
149 24
54 22
158 30
91 24
67 30
142 25
99 23
51 22
151 29
154 28
136 24
82 28
98 20
137 25
117 20
151 30
133 29
124 24
67 23
76 26
69 21
134 25
55 27
46 25
121 26
149 29
93 26
113 22
49 30
85 20
96 25
97 23
92 27
53 24
45 29
135 23
82 29
144 26
133 28
101 30
146 28
145 25
79 21
46 25
57 20
65 27
91 29
160 28
74 24
112 23
156 22
40 27
137 26
160 23
61 24
49 29
91 29
120 26
59 25
56 20
46 26
46 26
76 30
90 28
158 21
114 20
118 21
53 21
127 20
70 28
57 21
83 26
109 21
69 22
89 29
65 27
145 28
49 22
59 21
141 30
40 27
110 22
108 21
135 30
61 22
102 25
106 21
143 20
82 25
87 25
43 26
159 23
81 22
56 25
116 24
126 27
67 20
124 27
119 29
155 29
48 22
71 21
79 26
105 24
104 24
133 30
143 29
140 22
132 25
88 26
67 25
80 30
135 29
55 26
44 25
122 20
54 22
147 23
100 29
71 26
103 20
145 23
40 20
115 28
58 28
61 26
142 24
156 28
53 30
138 29
102 28
50 29
84 23
104 23
79 24
99 27
94 28
110 24
102 23
46 26
101 26
90 24
51 26
149 27
65 26
150 20
108 22
48 29
138 26
94 23
52 24
91 22
40 24
119 30
74 26
149 25
121 22
138 29
140 23
53 26
150 26
101 23
98 30
46 28
136 22
66 24
119 29
92 26
84 20
131 24
156 29
79 22
41 30
142 22
149 29
55 24
112 28
79 20
109 28
104 25
148 22
70 22
84 30
95 21
135 26
64 26
50 30
92 27
72 24
122 26
139 20
116 25
74 27
43 30
63 25
129 29
152 25
157 27
41 20
90 23
121 20
106 22
54 20
42 22
106 27
62 27
104 22
40 25
49 26
41 30
157 27
116 25
145 20
104 30
75 29
56 29
157 27
52 21
82 23
49 24
121 25
147 28
135 28
42 20
62 30
65 20
51 26
94 20
95 29
87 26
119 21
78 26
61 24
76 25
84 22
71 29
153 21
57 28
84 25
133 20
115 23
83 25
101 29
49 20
60 22
61 21
160 26
111 20
148 28
117 30
138 25
158 30
153 21
101 26
57 29
73 28
133 21
43 22
102 29
115 27
150 23
66 27
47 28
42 23
103 23
119 29
117 28
130 20
119 26
65 28
67 26
40 20
123 30
53 29
129 29
107 21
91 20
89 27
91 30
50 24
112 28
78 28
137 26
53 30
138 30
69 25
69 24
84 23
138 23
65 20
132 28
41 21
108 20
74 27
126 20
89 20
42 20
90 28
137 20
121 23
60 23
135 22
92 20
102 21
93 24
92 30
92 22
145 24
88 24
56 25
115 27
74 20
117 29
49 30
137 23
113 21
48 30
160 20
50 21
95 25
101 20
119 21
98 23
134 20
83 24
64 21
127 26
144 22
112 20
153 25
65 20
102 29
94 28
66 22
110 22
132 29
67 29
116 20
82 28
105 25
116 23
64 23
139 27
153 23
47 29
141 24
73 24
86 25
134 21
85 25
115 28
117 25
142 21
126 22
50 23
110 30
140 27
118 22
97 20
105 26
129 29
124 20
158 25
89 26
73 24
119 27
150 24
106 21
160 23
72 28
54 24
123 21
88 29
79 30
54 30
86 24
88 21
101 24
138 21
129 23
127 26
146 28
90 27
134 21
41 28
121 23
128 27
104 21
137 23
97 30
97 30
103 29
154 27
54 21
94 28
47 24
62 30
153 30
86 25
44 29
92 28
81 26
142 27
63 27
41 29
54 22
75 30
72 26
158 30
142 28
158 25
87 30
65 23
150 26
69 21
68 22
49 22
132 20
88 24
59 27
72 20
140 26
52 28
74 26
58 29
120 28
153 20
84 29
43 20
135 25
139 30
147 24
150 21
41 20
134 27
50 20
131 26
111 25
96 24
140 24
70 28
45 29
151 21
52 22
130 27
153 29
133 28
59 27
58 28
86 29
136 26
69 29
76 21
99 27
146 26
158 26
54 23
145 30
72 21
51 23
141 26
71 25
160 29
41 21
47 26
73 26
45 27
51 26
141 22
42 27
65 30
91 30
92 24
160 28
141 28
110 22
143 23
159 22
43 23
114 27
105 29
69 29
64 26
128 22
73 24
75 22
44 29
139 23
97 29
101 27
95 25
127 26
71 22
139 27
79 23
91 28
89 29
104 24
117 22
122 27
67 26
105 30
99 26
50 25
57 26
89 23
94 26
99 24
131 26
57 29
68 26
129 28
63 25
116 25
121 20
43 22
52 30
54 28
42 20
132 20
136 20
117 28
99 22
128 23
51 20
92 20
75 26
143 29
109 23
71 30
159 20
131 24
82 25
83 30
111 26
61 28
116 25
119 28
77 22
143 28
106 22
123 23
91 21
75 26
65 22
103 22
73 20
97 23
76 20
147 21
134 27
90 29
128 21
113 27
85 24
49 29
101 28
90 24
58 28
111 27
91 23
74 25
85 22
140 22
97 21
135 20
99 25
115 29
107 29
107 26
147 27
133 26
100 30
141 27
148 23
67 20
85 28
142 26
124 20
62 22
57 24
108 25
122 25
112 29
91 22
104 28
77 20
85 23
78 27
97 27
146 24
159 26
113 20
54 24
68 27
145 23
114 22
92 29
160 29
108 28
116 24
123 28
83 23
65 24
157 22
138 20
146 21
81 30
52 23
96 22
86 20
74 25
40 28
118 20
73 22
129 27
61 22
107 24
77 20
73 27
68 28
68 28
83 22
97 30
118 20
93 30
115 20
68 28
94 22
146 20
146 29
113 29
114 30
47 27
98 21
121 22
124 26
160 22
61 28
41 28
145 20
140 24
130 29
155 24
43 21
60 27
96 23
140 25
115 26
116 26
71 28
93 24
72 21
58 25
82 20
44 25
119 20
102 26
130 21
117 22
91 29
82 28
77 30
65 29
55 23
142 28
141 22
107 28
151 25
94 28
77 23
103 25
158 27
41 30
113 30
67 20
117 23
110 20
137 26
88 29
54 28
93 29
46 24
153 21
97 29
82 29
59 24
75 24
68 26
130 24
72 22
84 25
43 27
50 21
43 22
90 26
130 22
112 24
149 26
145 25
77 25
50 25
131 21
160 22
122 26
159 24
121 20
79 26
116 23
52 22
121 30
113 28
121 22
68 30
47 20
100 25
42 20
110 26
101 21
59 24
130 25
113 22
121 28
72 28
76 24
81 26
150 20
119 22
102 25
114 30
90 28
108 25
152 30
97 22
59 28
94 22
50 21
85 29
155 28
99 22
125 26
124 27
127 23
51 21
106 26
63 27
88 21
68 30
