139 190
164 103
66 113
116 110
183 105
69 136
49 49
157 48
68 175
181 72
117 70
156 142
182 99
46 163
122 110
63 89
162 124
111 21
54 103
178 104
86 139
187 169
67 41
149 34
66 131
59 79
74 187
46 70
47 60
111 136
107 33
41 102
87 191
45 113
148 173
136 101
137 177
53 86
127 78
54 184
146 58
80 116
80 153
145 44
149 138
41 83
144 76
49 192
158 81
59 187
187 61
124 182
197 26
52 56
175 119
159 69
155 46
179 61
94 43
126 191
177 26
145 182
159 52
134 31
185 174
54 124
163 174
116 105
170 147
112 195
161 71
159 66
56 21
135 131
70 55
103 130
158 149
107 97
174 23
133 49
189 88
101 21
138 158
84 63
83 91
96 158
82 97
114 133
130 23
64 120
148 62
96 181
72 38
189 140
49 66
69 148
48 186
47 118
129 44
40 157
178 129
123 65
117 83
79 49
84 81
178 38
135 92
148 155
71 148
198 80
55 193
155 153
134 59
145 140
197 140
118 111
136 126
198 184
101 94
78 178
200 126
199 121
117 108
101 142
129 156
143 181
169 196
98 156
68 23
76 98
182 164
51 146
149 90
171 63
83 141
200 46
83 122
65 196
95 86
53 153
126 159
124 91
157 166
115 146
56 21
179 158
119 78
66 81
52 101
197 182
61 38
197 162
72 31
200 170
54 57
88 136
144 150
64 34
120 71
189 95
67 110
73 164
164 61
110 54
160 147
76 129
99 195
113 129
178 96
172 61
174 110
147 77
186 129
44 121
133 171
107 97
77 197
82 194
190 21
102 120
90 157
184 181
41 166
194 29
151 101
187 108
79 45
113 24
64 148
148 59
44 159
144 128
89 175
73 195
187 29
115 64
107 88
42 136
124 65
190 84
116 138
115 150
157 162
70 25
80 154
93 119
179 43
76 147
115 85
57 64
134 170
187 154
132 34
153 114
137 162
53 175
156 26
174 122
143 73
187 126
179 87
85 67
57 27
79 103
193 171
80 131
50 103
192 108
41 169
116 157
131 173
185 97
63 140
77 167
156 140
60 155
104 115
140 40
119 117
111 62
104 66
127 150
164 79
80 73
93 93
89 103
46 76
89 145
64 98
92 144
141 49
43 37
59 62
167 127
176 104
186 26
153 135
106 23
194 89
197 169
89 184
130 168
190 99
177 197
116 183
193 163
64 54
62 132
180 52
73 134
183 44
62 31
150 149
119 176
123 29
55 167
151 92
99 40
168 182
196 177
97 38
69 152
164 65
41 51
83 154
196 79
108 196
117 180
129 72
146 164
140 23
174 119
53 97
126 56
116 191
119 113
93 105
128 138
101 50
81 79
53 116
180 167
174 39
72 166
170 173
198 36
154 171
173 109
155 27
146 112
163 47
149 34
108 155
196 108
73 67
107 58
177 139
163 108
89 200
109 160
98 62
191 98
57 124
57 160
109 94
49 105
132 193
139 94
173 142
173 81
50 125
164 63
117 125
178 111
108 127
131 75
109 187
195 144
174 175
96 127
140 189
105 197
124 119
116 102
71 44
170 71
81 148
73 93
83 114
155 34
181 103
151 171
92 72
75 29
130 167
162 44
70 199
149 198
117 33
44 96
64 45
123 53
189 95
151 95
45 26
94 133
49 189
111 175
98 111
169 171
182 45
138 58
98 47
130 169
126 100
155 101
101 173
194 98
110 91
106 194
51 50
182 39
169 47
108 122
183 76
187 42
116 192
82 158
70 137
72 30
62 46
52 106
41 48
106 166
50 76
191 64
176 80
159 132
139 94
134 57
152 86
54 89
82 51
47 153
167 180
83 81
125 99
178 134
87 98
42 194
128 148
152 96
162 78
112 175
175 40
165 160
133 140
119 43
169 106
150 103
173 109
157 41
193 133
124 84
175 28
183 149
54 47
99 84
150 176
47 127
151 49
77 170
121 83
75 181
84 153
175 108
125 124
147 56
130 69
179 83
97 55
105 164
108 37
195 142
154 181
192 117
57 84
161 59
85 125
68 110
142 26
101 151
87 33
78 25
74 123
173 31
197 127
69 158
176 34
94 108
105 168
57 112
40 78
52 129
177 165
183 98
101 184
91 118
89 96
97 26
107 81
161 39
102 158
168 40
197 74
194 140
51 115
140 187
95 58
67 48
80 76
125 135
45 167
121 116
100 155
139 33
54 129
165 138
95 91
131 121
70 79
61 92
72 88
135 81
78 45
58 95
43 22
138 198
104 21
179 152
156 190
195 144
195 134
194 113
49 159
71 128
125 175
87 166
108 52
122 110
174 33
162 98
48 187
76 172
160 75
121 29
126 83
159 66
158 181
96 76
48 119
168 60
163 171
196 88
151 186
127 53
51 60
161 193
78 113
137 156
195 111
194 22
71 157
90 126
68 187
133 83
98 155
196 117
160 147
40 186
101 152
157 87
189 48
59 157
63 188
110 74
198 72
76 41
76 56
154 180
198 162
100 164
186 73
51 170
180 103
59 21
165 62
122 104
98 187
50 127
161 83
71 159
93 178
109 157
173 73
179 197
178 55
152 82
66 131
171 97
65 125
95 30
98 51
180 194
145 106
83 138
127 174
176 199
47 186
182 83
190 51
128 42
104 199
147 134
107 105
66 138
72 123
94 54
93 114
135 62
184 166
191 47
188 161
167 166
184 95
175 77
124 158
190 146
175 29
140 36
139 105
54 134
151 63
147 130
127 37
156 145
163 154
190 55
199 184
143 52
88 163
194 48
59 152
65 79
186 116
120 197
79 65
135 160
184 197
51 70
113 97
42 154
191 170
120 167
122 132
192 188
57 198
129 199
194 55
131 129
144 48
113 125
109 110
140 95
71 61
69 191
86 135
198 103
176 120
158 105
179 154
86 129
88 136
48 125
63 40
175 176
74 134
170 180
126 189
44 74
186 45
196 160
126 182
146 165
197 76
127 50
53 86
191 180
160 168
81 182
113 82
168 82
112 171
77 69
191 35
58 62
59 51
61 37
121 114
105 176
181 30
98 82
184 61
199 100
200 29
98 196
126 43
71 107
99 120
143 174
188 131
49 60
94 103
53 65
65 194
164 107
53 184
136 152
104 154
173 187
103 53
183 171
82 81
83 39
120 100
164 182
112 80
64 155
144 180
60 71
160 122
54 167
83 26
110 115
134 53
136 168
41 56
154 147
198 128
128 39
139 101
131 72
64 168
79 140
118 156
184 194
106 107
99 64
166 179
97 116
47 195
73 117
171 166
58 134
95 136
68 194
116 104
58 143
159 192
53 147
97 194
91 110
128 159
128 171
163 47
150 80
112 24
45 146
152 115
68 96
119 176
180 130
186 171
109 173
44 32
190 59
162 193
41 162
48 87
108 62
115 87
105 25
176 82
58 123
57 180
69 75
69 96
173 54
88 97
95 22
187 145
122 106
59 191
154 198
153 117
168 32
192 173
163 183
161 109
145 123
175 28
166 192
114 151
151 82
160 146
112 46
59 26
54 81
85 131
114 156
144 147
100 30
67 81
101 54
183 180
53 117
137 117
106 89
198 28
187 196
52 160
183 187
179 45
77 32
63 41
84 133
72 187
57 39
173 82
68 73
158 79
105 100
88 126
93 59
79 176
104 180
189 173
167 171
74 74
76 52
83 23
103 29
86 177
182 98
108 51
101 106
142 154
157 185
159 176
164 112
135 112
84 71
169 84
200 68
159 21
77 81
101 53
69 133
79 69
147 150
159 47
87 127
131 67
148 187
142 90
184 49
67 67
115 34
57 25
116 123
168 103
79 70
81 113
136 81
131 50
182 54
90 70
57 123
140 177
166 47
130 97
137 33
158 92
44 82
116 33
82 179
44 129
193 152
153 71
120 41
189 161
90 63
76 43
121 88
151 173
96 104
76 23
42 189
85 55
157 168
158 70
70 33
72 152
72 84
86 119
79 183
123 111
179 116
142 146
137 123
143 108
137 169
187 59
41 90
42 42
182 25
128 60
97 154
164 45
116 37
134 194
120 125
128 111
180 164
63 82
162 172
116 42
138 120
148 160
172 132
140 189
96 69
43 184
148 185
97 164
187 101
70 169
108 137
62 160
130 60
178 145
200 24
82 65
89 98
138 24
113 181
43 74
192 159
95 169
43 56
160 64
72 76
175 118
66 157
165 139
44 135
78 54
152 40
186 86
119 65
40 21
60 23
51 79
130 163
156 199
147 103
85 41
163 45
191 144
173 52
70 25
89 172
114 145
44 188
107 147
156 91
44 106
179 152
44 96
53 39
41 197
90 151
42 114
143 122
150 160
65 167
189 148
120 41
95 163
85 84
193 199
106 31
123 133
79 158
129 42
65 133
51 125
176 96
110 28
98 54
70 147
132 88
109 119
163 177
175 161
180 198
186 158
124 39
135 168
88 108
164 131
132 185
184 109
88 172
180 104
116 134
196 96
176 87
110 178
155 25
57 148
44 183
126 115
121 143
193 126
188 180
132 75
187 22
57 50
107 39
132 114
140 94
89 168
54 52
147 31
89 71
93 200
137 69
178 69
180 22
55 198
94 54
65 50
77 143
57 46
137 111
175 99
187 27
195 27
121 153
47 156
53 145
158 90
183 167
44 67
139 105
104 178
42 186
59 179
188 65
75 69
71 83
100 62
197 111
143 188
178 135
140 46
157 162
136 197
128 77
189 46
161 154
160 24
84 183
103 200
108 191
153 44
88 163
46 94
173 102
81 151
105 34
149 51
134 90
174 94
156 143
72 109
100 59
41 106
56 41
46 76
130 100
132 76
43 60
200 65
176 29
111 23
199 182
198 97
162 93
120 186
104 52
195 68
95 105
67 180
86 25
47 134
78 55
142 128
131 165
88 99
106 101
100 103
95 103
41 80
158 86
101 69
97 200
125 111
81 66
153 123
181 59
162 179
191 83
141 106
154 105
91 177
194 58
116 69
55 74
96 127
63 77
188 178
72 60
200 122
41 193
144 141
60 164
109 52
178 116
80 91
62 35
189 130
103 142
53 194
63 67
177 171
157 123
123 83
71 144
82 78
112 162
53 90
91 107
176 49
96 41
83 195
162 148
192 113
81 158
101 185
69 78
136 138
53 83
172 43
72 139
49 174
134 73
161 80
77 51
160 71
115 43
103 161
159 159
59 24
148 105
62 181
91 112
182 184
42 125
63 44
77 178
177 149
190 50
96 184
178 36
69 125
89 192
167 41
109 84
90 157
145 79
181 186
79 116
174 183
93 196
83 128
73 161
159 28
99 27
45 128
133 63
193 93
96 92
178 69
115 165
191 25
49 121
68 106
138 90
172 152
99 126
107 131
107 99
72 175
147 190
124 48
94 198
171 133
161 23
57 26
172 174
161 126
58 116
116 57
119 125
49 51
189 123
82 183
155 74
190 81
169 158
93 129
113 164
54 107
141 40
105 177
171 106
177 113
185 50
124 113
170 80
195 193
147 159
88 135
179 199
151 66
148 96
66 54
118 174
136 110
188 46
110 112
168 33
46 132
198 54
121 144
157 20
81 200
155 47
183 58
195 170
47 86
135 139
97 194
54 70
68 28
75 70
116 131
148 172
61 200
184 33
75 164
67 122
198 96
124 91
78 27
66 62
52 71
62 186
125 83
65 167
184 22
180 175
101 120
110 59
189 25
178 193
103 125
77 191
125 96
44 171
106 102
136 152
151 91
125 115
116 43
142 200
156 20
68 170
63 35
44 96
177 163
163 78
125 178
135 37
107 30
73 124
154 196
174 43
100 46
76 54
143 94
139 21
101 44
104 185
43 123
138 51
57 155
91 195
50 59
108 168
47 28
53 55
82 33
129 43
171 122
75 159
104 109
180 111
168 118
187 38
104 134
94 119
120 116
69 85
46 136
136 161
64 101
160 159
174 110
166 164
97 114
108 27
106 145
65 153
157 110
192 42
95 150
110 109
190 178
87 78
105 157
120 76
42 85
152 109
191 153
72 66
175 151
73 189
49 68
135 178
99 52
198 106
111 49
171 184
49 196
50 161
99 137
144 189
65 114
103 161
145 39
43 41
133 22
116 31
96 78
144 103
182 130
79 199
165 106
48 194
72 137
87 137
120 164
194 162
74 143
145 174
137 175
88 101
60 107
170 164
155 85
123 193
102 177
91 197
52 157
151 64
114 49
108 75
56 36
198 54
199 150
78 51
91 30
117 67
102 143
159 129
42 138
87 59
43 178
90 134
131 24
68 61
124 68
181 85
88 166
72 50
56 94
131 159
133 35
145 76
50 187
192 101
63 149
125 54
129 112
173 115
61 82
146 50
176 152
42 51
59 135
69 140
178 40
116 175
146 41
60 113
93 103
179 188
60 66
67 120
59 142
161 99
117 181
85 117
118 60
199 35
100 133
185 23
102 82
42 175
146 23
192 164
163 189
166 29
162 70
181 72
146 69
40 193
161 20
73 51
138 189
86 29
136 111
124 64
120 107
97 102
195 147
196 189
169 171
99 33
142 161
154 55
164 138
47 80
142 50
145 38
181 125
78 89
70 141
105 58
45 76
175 54
91 85
113 77
51 101
197 106
71 154
190 94
146 192
41 174
153 190
147 183
115 115
170 28
138 136
147 67
194 134
124 63
67 73
179 86
165 23
197 138
58 178
55 110
145 121
160 86
97 66
77 157
80 105
189 132
119 83
94 142
181 69
65 119
127 108
190 189
105 126
57 149
189 53
72 80
184 152
155 119
112 34
176 101
76 88
151 119
184 29
177 168
143 60
153 128
124 83
179 23
195 50
54 69
122 124
192 150
55 114
168 113
144 139
104 90
125 106
146 144
82 182
158 196
105 149
155 48
130 31
65 52
137 42
192 58
92 57
64 168
162 199
165 44
75 108
140 31
177 103
186 55
200 161
188 22
43 175
148 109
131 128
66 81
47 137
119 97
110 46
160 114
144 186
90 163
126 195
47 140
101 133
128 109
68 35
111 32
101 69
130 71
64 70
88 24
42 191
104 24
125 104
126 99
70 20
166 83
115 141
94 126
110 134
131 102
42 93
168 186
182 81
147 41
51 89
82 70
90 31
74 34
164 21
157 81
71 110
104 34
191 180
134 94
150 105
182 148
89 117
191 98
111 176
160 89
140 103
198 162
54 123
86 128
103 33
104 144
158 142
62 151
161 136
60 118
189 103
168 46
63 200
120 103
70 192
146 51
99 27
42 59
145 28
120 153
192 165
150 148
190 178
85 140
151 126
128 66
99 158
86 43
132 83
85 107
91 127
172 103
168 51
152 194
110 167
112 135
110 168
65 27
124 81
124 52
50 119
161 71
157 87
68 130
70 58
115 123
94 52
56 132
66 180
89 53
173 73
161 55
142 98
127 67
87 45
140 192
153 81
52 91
170 62
148 24
105 182
117 126
157 110
159 165
197 44
59 32
72 186
194 122
198 192
150 189
60 156
100 98
114 49
96 132
180 104
146 49
120 147
63 141
163 174
146 111
51 97
180 152
140 109
64 73
135 69
170 195
148 175
92 140
165 56
95 158
127 29
127 171
188 99
181 78
195 71
93 150
163 121
68 39
104 23
61 198
120 25
99 65
170 102
198 95
136 80
193 183
148 45
185 127
171 137
144 165
49 86
40 52
121 104
92 102
49 186
111 38
54 155
53 41
170 50
53 168
134 58
100 93
123 22
127 76
118 132
171 133
182 83
107 36
200 107
168 176
52 122
159 95
189 179
178 114
92 101
95 77
92 53
172 57
114 37
84 142
132 91
78 197
69 124
43 63
122 78
69 122
74 68
170 59
42 159
110 33
121 112
135 96
101 127
183 191
140 116
52 200
99 198
82 67
62 89
194 48
159 136
137 167
136 94
112 39
161 200
159 155
93 153
190 166
47 98
81 93
106 165
91 93
182 22
175 143
193 194
179 181
50 171
58 142
135 82
125 143
141 192
197 92
116 177
183 93
70 118
175 79
177 87
57 56
107 133
117 103
196 150
200 95
125 154
126 170
171 46
41 147
45 82
75 71
117 73
79 109
196 198
58 85
146 162
178 60
100 21
110 188
198 116
117 33
82 164
58 122
179 38
174 124
110 95
116 137
162 147
87 172
79 115
118 112
46 73
111 164
181 36
155 110
125 161
97 35
112 181
191 90
113 128
130 119
85 191
144 117
62 39
53 99
91 92
68 131
194 144
49 30
86 140
194 119
148 142
57 59
178 52
47 39
48 39
181 126
120 156
83 114
190 188
42 45
59 26
160 142
54 70
139 58
181 51
93 169
68 120
197 132
91 53
96 35
165 123
48 149
65 175
142 37
102 53
141 134
102 76
54 173
162 155
107 69
91 105
79 100
93 79
157 25
47 100
79 174
136 135
72 125
99 78
155 64
181 95
100 30
83 59
179 44
116 139
118 111
52 133
95 148
144 162
145 22
106 31
134 186
74 102
164 62
123 132
157 130
50 23
85 107
142 67
105 181
61 143
170 43
136 196
41 38
148 154
44 96
107 82
56 92
89 72
128 72
110 172
53 127
108 165
178 139
193 101
193 92
163 55
95 24
195 82
153 145
75 120
43 145
178 70
55 149
180 191
76 166
159 197
61 80
109 155
94 80
61 200
86 174
195 49
197 25
124 93
64 149
41 92
109 196
197 176
190 129
189 183
145 78
172 94
79 178
168 83
172 185
40 153
173 79
48 160
87 114
52 117
102 80
132 67
92 85
72 22
142 195
141 64
160 143
108 192
125 95
97 20
48 87
75 75
43 110
109 161
95 186
91 37
59 51
61 32
200 115
90 146
105 32
195 127
84 123
96 109
99 152
92 156
136 70
179 89
169 38
71 100
197 76
126 106
78 192
82 152
115 171
94 77
101 124
96 173
165 47
75 45
123 73
63 44
154 168
71 75
154 162
167 88
162 35
182 95
187 87
51 60
122 134
113 22
184 48
126 54
158 55
197 33
110 121
123 114
96 40
90 111
184 181
64 192
154 165
101 92
86 94
167 162
60 95
114 160
100 111
124 170
134 155
192 132
101 93
96 82
111 194
177 97
92 103
42 67
146 172
165 200
176 152
120 46
109 161
75 95
178 184
54 101
160 196
78 107
58 140
81 171
198 117
194 55
71 193
132 185
71 55
155 182
142 89
70 134
108 53
137 115
140 198
110 59
159 72
115 162
136 113
76 64
86 83
145 23
144 72
114 136
158 54
90 30
131 116
168 142
98 61
81 109
93 159
47 115
110 161
171 199
145 104
100 45
139 31
113 137
123 150
172 27
196 79
196 22
183 40
77 38
117 31
139 153
115 109
158 134
97 79
44 62
123 54
108 200
120 25
59 29
177 63
67 174
136 137
104 191
70 129
93 175
134 101
86 143
107 84
65 49
191 101
143 59
127 74
52 195
109 176
173 122
64 126
73 187
59 57
141 113
43 28
162 163
122 126
152 43
62 167
186 105
93 80
166 92
145 176
40 188
133 112
126 89
51 23
189 24
46 182
136 171
61 57
114 155
153 63
108 79
168 85
51 130
140 125
150 60
191 158
100 58
187 132
142 164
149 151
193 183
85 115
77 52
154 133
44 39
91 43
64 146
182 191
159 73
87 31
91 72
61 142
196 189
85 180
137 84
76 145
95 131
188 49
156 142
138 79
100 96
178 106
102 44
57 131
197 72
79 155
43 144
133 40
55 72
176 45
66 25
84 62
161 126
153 93
56 68
77 162
58 101
49 31
70 83
120 81
141 53
144 154
172 29
45 114
56 124
167 66
143 37
86 170
190 145
160 36
200 114
174 126
71 151
90 161
121 68
47 79
129 138
115 85
46 180
146 197
122 42
103 129
44 153
97 69
177 198
120 180
167 178
136 137
146 45
169 32
171 87
134 190
74 88
106 160
77 107
167 195
104 135
80 195
85 90
60 124
145 20
103 51
56 44
185 159
80 115
63 153
199 63
168 168
171 107
111 188
61 32
176 117
161 109
79 182
122 58
131 187
179 20
74 150
163 189
139 82
96 76
47 60
136 86
91 65
64 40
104 187
59 80
184 61
56 61
184 61
84 123
83 65
104 178
176 179
160 93
131 78
199 68
140 181
50 42
189 158
197 60
160 66
77 32
48 120
97 151
64 54
143 69
158 135
49 37
143 121
79 168
159 87
165 164
180 66
173 184
144 115
94 28
99 61
119 156
95 196
91 57
137 133
79 164
184 29
188 180
151 138
133 147
144 147
126 196
70 21
71 145
61 111
42 199
105 67
102 157
157 148
67 68
163 160
104 161
161 147
94 184
104 24
100 128
147 141
178 22
188 146
104 175
144 108
195 106
132 196
76 150
146 67
109 101
181 67
117 184
71 155
155 185
88 188
153 137
191 70
40 93
85 135
94 140
78 103
95 96
48 116
75 70
114 177
188 137
139 180
47 164
108 75
165 129
48 126
47 102
118 111
165 168
45 95
142 200
112 195
188 198
93 134
190 109
116 113
197 103
67 50
46 164
170 102
162 126
85 53
54 114
95 159
118 99
183 200
46 147
88 88
50 49
123 48
173 22
189 200
112 21
194 155
111 114
178 95
134 164
109 20
169 123
125 127
113 177
184 50
83 83
192 135
150 59
174 151
66 124
69 66
100 149
135 155
44 65
111 127
75 36
184 71
58 172
134 77
123 32
114 57
95 132
178 46
171 97
52 136
119 197
175 176
54 86
97 43
174 22
66 78
93 49
165 143
77 36
94 171
85 46
161 193
159 136
52 183
62 58
132 48
169 79
59 198
139 191
109 36
130 145
191 42
180 195
61 152
150 54
146 71
58 199
121 179
49 52
94 143
75 94
147 42
57 62
172 27
136 106
139 27
173 79
88 53
92 132
198 132
193 178
63 107
89 193
125 54
175 23
164 190
80 110
189 154
88 146
64 102
113 51
193 51
136 88
182 124
187 82
115 28
108 121
151 197
69 23
193 43
191 131
178 182
166 34
76 68
184 69
173 54
134 188
138 181
85 148
194 139
137 179
149 39
119 200
114 33
57 51
111 25
76 48
115 96
115 57
123 65
138 193
139 157
160 139
157 163
111 110
76 184
96 164
66 56
193 175
67 35
178 40
144 165
131 43
93 144
55 29
137 174
48 161
152 64
105 175
134 180
169 114
153 138
70 146
167 70
118 100
98 159
112 70
195 158
105 142
63 121
95 186
184 125
94 143
82 174
98 93
113 123
141 183
146 126
121 175
43 117
59 78
88 187
60 158
54 176
172 45
158 106
92 95
186 130
48 142
186 113
92 120
70 115
48 113
109 142
108 156
44 129
143 165
104 171
46 198
149 69
130 165
74 75
124 199
72 63
144 165
65 102
164 48
49 167
64 195
77 62
84 34
155 36
167 154
85 127
97 143
189 69
128 21
174 155
110 89
169 72
167 175
43 138
104 177
91 118
58 106
169 68
98 85
196 57
180 73
119 44
194 69
138 119
82 72
188 147
50 45
94 150
96 43
117 191
86 76
90 186
136 47
196 167
104 55
173 23
196 52
154 169
96 167
109 42
133 140
100 193
76 70
172 25
69 132
76 21
87 152
75 104
99 141
72 54
129 86
144 103
169 187
66 56
62 84
105 112
110 23
180 103
108 140
71 125
89 193
70 153
72 124
171 70
51 65
60 82
63 125
95 99
147 89
144 85
51 62
53 97
119 187
104 150
195 71
41 152
162 127
73 139
92 60
152 47
50 83
77 157
150 84
67 105
44 96
170 148
72 95
55 141
56 197
91 24
115 124
66 173
75 173
130 124
156 120
114 145
187 167
136 31
197 145
75 97
119 33
109 50
198 53
185 22
102 160
170 86
184 123
46 162
49 84
80 115
121 117
141 174
120 41
119 92
106 186
69 88
152 77
97 111
157 34
68 130
136 59
127 110
81 196
110 81
124 180
156 132
176 81
143 88
89 90
76 138
148 93
147 46
130 105
190 134
190 163
100 156
96 83
131 136
152 58
81 128
192 173
130 32
62 128
179 56
68 37
180 171
189 98
109 75
96 180
125 199
120 168
192 131
159 114
155 70
147 42
142 74
118 103
48 198
82 28
128 106
108 185
68 106
136 121
198 156
131 62
41 181
72 142
133 80
85 119
48 81
131 150
140 134
60 132
168 144
138 121
118 158
61 22
89 180
149 124
148 151
150 88
195 151
159 92
194 155
81 78
103 76
72 105
47 88
76 126
157 168
62 185
174 99
148 86
169 199
48 182
196 156
71 183
43 52
165 57
75 94
88 180
44 92
164 66
174 75
109 171
164 43
128 78
166 93
166 68
48 46
131 109
116 100
87 83
180 30
182 83
118 153
108 120
144 121
183 190
155 119
88 72
188 177
173 159
103 139
148 48
45 103
154 82
98 94
117 119
177 191
67 163
194 162
79 97
172 119
170 90
139 189
81 71
149 99
45 181
129 62
143 141
175 158
197 144
188 155
46 187
94 88
111 64
54 48
89 51
91 66
150 185
196 45
169 95
84 151
85 63
94 55
65 139
153 142
57 62
145 132
92 61
195 130
94 114
113 102
59 71
132 157
150 129
52 32
192 193
66 125
98 30
81 140
167 35
139 30
163 156
170 108
141 195
185 89
46 88
84 104
108 143
63 64
40 85
169 106
170 29
49 55
102 122
143 176
69 160
72 114
57 80
105 51
172 35
132 95
162 36
69 46
85 120
172 109
150 108
144 73
179 170
92 113
150 90
169 81
57 165
54 63
159 23
72 51
132 158
47 64
91 100
177 184
74 93
135 31
158 83
87 185
76 66
183 32
175 77
125 148
82 34
162 177
115 136
74 155
55 78
198 36
78 145
166 184
169 61
168 58
173 69
153 30
172 167
193 37
63 188
47 153
81 114
179 174
112 153
154 29
86 109
145 102
169 25
126 105
147 125
73 20
111 140
143 150
146 67
194 99
46 103
94 96
172 148
69 45
167 122
76 102
83 55
180 33
173 34
197 65
157 120
103 136
150 195
122 39
124 55
86 83
72 155
93 90
170 194
195 74
80 75
184 176
77 54
191 78
100 46
60 89
95 44
62 182
135 55
88 159
139 133
102 148
157 76
111 167
71 29
59 171
192 110
156 61
154 115
63 93
171 85
126 175
199 31
134 92
77 152
63 186
144 36
154 38
128 26
193 52
50 197
60 180
85 68
112 95
181 40
152 53
158 153
141 21
181 98
162 47
53 135
81 90
74 35
66 87
156 83
71 63
182 84
127 113
51 120
190 34
80 67
185 192
58 82
157 159
143 187
194 39
55 161
172 140
50 129
74 192
111 151
190 25
121 101
176 182
103 163
67 21
133 121
198 47
196 172
87 27
54 108
110 180
182 197
189 109
60 107
51 132
171 62
73 113
180 155
178 35
70 182
128 99
90 50
137 126
161 160
148 158
103 147
46 107
170 34
83 113
139 84
166 187
158 197
132 150
79 72
97 72
144 51
115 59
104 159
58 40
100 30
164 51
144 91
193 137
182 131
168 160
179 135
173 87
96 191
52 153
131 170
74 116
63 173
70 137
114 111
86 169
184 38
54 53
108 124
171 67
195 60
82 198
147 163
136 22
76 28
87 198
105 130
135 40
139 29
119 68
165 105
168 76
135 161
54 182
66 126
102 140
58 161
115 69
79 28
100 93
58 199
93 87
81 109
136 37
56 32
140 20
188 100
128 36
191 103
139 37
40 125
179 20
168 147
197 105
76 136
65 31
47 173
113 163
161 25
57 192
151 162
164 72
140 137
62 164
147 144
200 154
177 193
123 174
127 161
136 162
170 197
184 46
160 30
178 166
124 143
168 168
97 62
80 128
66 111
200 124
175 104
167 80
127 111
63 63
92 200
108 143
195 96
136 34
70 194
100 36
75 198
172 180
52 165
65 83
183 145
185 85
125 172
140 36
125 150
115 99
115 129
146 192
134 42
62 70
159 140
105 160
179 63
60 27
57 153
66 121
56 158
114 166
105 104
157 115
157 52
107 168
55 136
107 98
145 151
49 139
95 161
117 149
63 133
153 175
168 158
119 39
60 199
41 122
199 150
41 118
73 195
173 200
127 68
103 190
108 96
129 73
175 200
67 126
111 28
156 39
126 87
47 93
175 41
128 177
142 115
148 131
46 131
96 169
41 32
185 99
173 66
120 55
178 94
136 143
50 112
75 25
200 77
126 161
173 39
170 98
53 27
159 164
154 49
125 20
114 83
95 186
137 94
153 108
169 193
138 164
157 132
79 27
191 37
154 94
53 125
186 78
136 127
131 192
160 98
85 156
80 139
172 91
91 55
58 160
182 179
48 146
155 188
84 55
178 106
129 165
168 24
112 86
85 68
93 200
149 90
193 189
153 81
136 96
167 128
48 62
192 73
62 78
93 98
57 75
74 25
107 77
181 62
64 79
106 164
68 100
61 103
148 78
144 200
129 114
148 27
74 111
108 196
53 186
118 21
144 100
183 181
137 29
132 57
98 109
135 123
87 91
122 61
96 185
168 41
118 26
136 132
177 166
186 183
190 187
47 188
79 194
124 80
170 98
182 23
90 177
59 49
166 138
184 81
172 135
51 144
60 131
64 117
157 61
137 148
189 172
110 180
162 106
92 151
141 93
167 188
138 168
186 200
112 88
166 189
166 87
132 195
61 99
116 69
199 151
181 50
180 39
101 29
92 33
167 165
78 77
143 20
120 25
123 28
85 133
120 183
69 35
144 94
131 145
141 185
131 117
185 41
111 54
182 158
134 180
167 24
120 113
169 125
50 194
167 133
179 65
184 112
102 144
97 147
84 146
134 65
159 117
136 120
181 51
151 108
80 94
120 93
68 181
87 40
49 163
71 129
149 73
166 170
109 110
75 132
150 64
77 25
40 100
158 46
198 43
76 163
103 45
111 49
120 87
82 190
197 68
77 162
140 87
158 169
42 127
103 88
82 59
58 22
134 114
73 82
171 75
188 148
147 99
156 183
108 148
56 54
131 81
121 172
96 41
155 124
126 110
83 125
115 120
40 90
184 33
186 136
163 165
194 106
76 25
62 38
155 39
64 28
76 193
125 88
104 69
111 120
135 186
99 29
85 117
46 87
58 51
169 182
153 35
121 135
45 87
79 107
164 23
131 22
124 150
153 69
113 120
183 157
63 21
193 174
155 154
106 166
169 99
82 73
147 154
73 134
57 146
139 97
178 157
195 141
111 68
167 162
142 179
64 59
200 82
127 120
84 185
76 91
163 61
191 152
184 44
148 65
106 24
42 68
66 90
119 183
108 176
51 64
174 64
117 188
96 178
107 165
92 128
110 65
123 98
156 101
141 78
193 82
82 89
148 163
118 39
90 62
126 47
124 148
111 92
97 105
47 97
189 39
192 159
134 124
89 83
116 112
162 171
184 90
185 175
186 128
115 87
192 187
43 144
61 161
77 164
99 139
156 55
119 82
116 178
82 76
126 140
148 183
176 166
164 22
78 33
134 116
56 129
52 26
200 198
136 157
93 175
51 138
176 90
154 29
173 186
150 75
105 64
189 163
104 102
117 42
84 189
75 193
176 29
200 38
143 55
186 50
127 145
132 140
123 132
188 78
161 194
84 146
115 119
146 94
62 155
56 189
137 98
192 191
163 116
187 162
60 46
45 184
89 80
115 103
188 99
172 77
91 21
63 171
118 27
65 126
43 76
141 54
47 86
144 67
42 60
124 80
174 161
177 64
170 87
80 61
77 183
45 122
57 69
118 156
189 131
132 154
140 189
102 86
50 143
52 27
174 42
86 108
163 77
120 42
178 130
168 74
80 137
106 55
58 136
59 125
69 154
109 173
86 54
90 120
63 156
90 75
126 45
74 104
168 98
115 155
69 117
73 106
92 41
59 57
187 98
60 129
107 166
70 195
180 161
181 86
73 180
176 124
183 50
96 147
83 101
143 143
184 74
122 109
65 99
41 170
41 50
131 29
142 82
145 152
154 60
112 133
182 193
160 37
159 195
47 144
193 95
70 85
165 83
65 123
131 187
195 122
119 125
150 155
160 54
54 116
163 39
166 181
153 24
52 36
41 102
102 32
98 86
162 21
144 115
66 133
200 155
189 70
106 140
65 41
111 148
144 70
147 70
74 139
41 129
52 187
59 75
194 121
73 190
116 184
51 61
118 109
109 50
174 61
149 29
47 145
157 21
87 80
125 199
41 136
93 68
109 49
143 173
105 41
59 194
115 25
64 98
184 173
116 166
104 81
145 69
79 64
50 66
147 94
134 59
194 35
79 101
105 193
78 63
198 183
125 162
63 165
196 115
43 33
126 99
155 151
90 141
89 98
117 40
121 31
94 62
113 144
68 74
135 121
83 60
199 97
86 52
141 89
109 67
156 121
161 72
85 91
189 152
77 73
97 124
59 67
133 178
152 85
122 26
159 91
179 117
170 78
108 139
145 100
105 176
160 95
169 48
70 148
98 167
118 88
49 86
86 162
133 96
84 69
52 79
108 177
101 97
170 162
95 36
110 100
183 104
60 42
57 179
79 68
200 136
148 76
135 89
138 84
70 26
90 60
106 130
136 113
102 165
171 129
103 43
138 57
165 66
63 193
74 122
112 30
109 65
73 98
66 42
113 188
117 154
136 41
76 57
41 107
175 34
154 57
117 49
43 175
114 155
112 173
111 25
167 189
130 152
128 94
196 132
169 121
144 111
40 100
190 79
161 126
94 104
183 99
167 183
116 79
156 200
137 98
129 42
146 42
65 31
148 55
91 143
189 67
57 159
78 155
40 155
57 51
171 107
104 23
135 77
116 148
100 185
172 68
50 195
73 195
50 191
56 138
118 37
82 69
141 169
167 159
96 32
112 171
98 176
54 89
141 144
150 135
55 50
156 104
189 176
138 138
51 169
128 121
181 200
119 97
197 52
112 57
79 114
61 56
128 158
162 34
60 77
58 128
133 38
100 49
155 44
163 195
160 160
86 181
119 41
43 48
170 111
189 72
195 42
137 52
64 49
61 35
173 95
93 30
173 53
58 39
144 69
151 193
63 151
150 120
112 69
165 120
126 123
129 119
57 117
104 137
119 166
137 156
116 199
49 67
69 163
187 157
171 200
120 187
122 100
169 105
182 114
93 64
133 143
193 125
178 158
100 93
160 51
76 59
178 51
119 162
145 25
111 31
93 29
108 135
191 140
96 175
196 165
199 72
95 163
187 29
56 90
47 117
172 120
182 56
75 77
76 41
77 58
51 159
197 103
167 108
181 189
145 34
88 36
58 180
167 137
192 98
169 31
164 81
97 176
87 173
45 164
133 148
162 136
167 23
127 42
85 153
114 98
112 114
179 112
91 103
76 55
179 92
98 145
174 154
191 173
121 187
179 78
73 185
108 107
144 125
92 89
43 189
56 200
96 41
132 94
103 80
124 165
75 76
57 79
159 154
40 53
86 59
50 147
65 57
125 104
146 162
71 25
43 175
199 153
132 174
66 86
113 155
127 68
111 96
140 188
175 40
110 93
81 119
102 38
118 156
125 110
105 129
187 164
200 100
164 48
191 29
105 94
157 80
172 74
161 107
166 66
193 61
189 68
105 94
65 87
130 25
99 190
101 148
92 132
158 135
45 179
136 57
78 137
71 43
80 87
188 198
103 156
46 96
101 148
92 183
127 79
132 21
147 66
133 197
190 84
72 132
117 84
136 153
184 140
128 177
128 198
183 21
153 92
72 28
75 104
181 175
112 85
135 181
124 149
86 98
190 167
156 148
162 149
197 94
119 84
112 42
106 71
164 31
109 77
114 128
123 84
50 78
77 140
154 183
147 152
52 196
73 92
129 118
88 191
86 102
129 124
80 175
200 48
176 71
190 186
41 45
154 155
78 36
101 21
161 155
62 87
145 196
183 189
179 149
70 172
121 83
169 179
164 152
171 175
98 126
64 166
58 97
73 38
94 51
176 168
48 28
87 143
196 60
140 152
98 102
189 122
165 124
162 135
84 112
136 70
195 146
136 121
66 185
74 58
110 193
191 122
156 46
58 97
188 171
185 28
57 196
44 141
198 167
56 121
181 195
94 79
72 165
173 175
134 30
49 60
74 190
107 89
170 131
136 155
138 157
185 60
47 120
192 87
189 180
55 146
76 53
64 97
48 125
163 43
68 193
90 105
151 88
158 115
180 199
75 28
55 20
48 46
156 37
160 154
199 147
147 192
100 198
188 93
112 160
176 52
152 164
108 21
114 106
60 92
157 140
113 88
155 59
199 23
50 92
173 35
101 133
88 145
161 160
74 178
180 163
60 134
72 187
116 174
152 88
128 97
158 122
103 75
124 106
123 174
197 41
85 20
134 197
110 199
143 116
156 178
57 167
102 174
139 34
68 149
90 175
73 183
89 181
52 26
104 184
123 127
119 26
89 170
183 41
67 63
125 57
99 21
168 160
114 128
146 171
47 187
49 192
100 199
143 83
70 60
178 107
132 98
156 190
99 192
82 200
140 110
160 121
96 126
107 45
115 87
72 199
181 41
161 39
132 48
177 95
95 124
95 160
75 176
78 32
60 171
195 123
152 52
183 78
187 151
150 86
80 141
77 197
128 104
68 95
79 111
76 32
148 137
157 107
81 157
80 73
101 109
168 20
102 76
90 44
79 162
65 148
101 33
187 76
140 90
175 66
78 176
40 170
194 198
129 59
90 112
92 27
156 28
136 151
115 66
195 119
108 97
62 64
94 25
71 118
100 83
175 62
72 121
170 85
112 62
128 145
114 22
89 50
164 185
140 87
69 183
200 109
184 71
124 24
46 185
98 166
123 166
130 123
139 98
179 163
59 132
110 84
176 175
99 98
123 107
157 165
160 57
62 200
142 131
86 87
174 114
67 121
40 140
200 63
159 135
162 191
179 94
161 64
68 190
72 34
168 145
57 143
168 161
198 103
84 182
181 151
134 104
139 199
126 134
142 127
181 47
64 124
111 97
134 125
48 27
154 54
78 116
106 110
165 187
126 81
121 106
115 133
54 119
180 43
161 155
69 89
121 133
80 158
82 127
140 186
119 176
65 149
104 124
167 174
141 78
172 103
182 197
184 189
101 100
189 200
122 143
110 34
191 190
107 39
103 166
187 133
117 83
57 172
103 73
127 49
161 34
169 132
75 44
167 102
81 57
74 137
90 156
132 97
181 165
64 120
122 122
85 99
156 31
187 181
147 30
163 105
117 94
121 34
141 146
115 135
135 114
176 39
51 21
86 137
126 86
107 56
100 100
89 98
117 120
171 68
94 116
64 184
129 23
48 178
104 145
127 30
162 91
81 139
40 96
127 120
168 176
86 68
173 57
40 31
68 55
159 37
142 199
194 163
162 110
139 129
86 92
184 137
140 185
83 166
138 180
96 32
169 113
195 174
193 125
61 140
70 101
152 177
50 146
62 95
180 159
138 126
77 46
157 101
107 109
62 97
115 179
144 129
72 32
62 186
45 192
41 25
157 34
61 68
194 137
191 192
181 108
176 170
53 100
163 192
83 51
132 155
60 195
194 91
79 24
84 104
76 144
79 129
139 86
41 75
97 65
46 85
158 40
172 161
112 65
98 87
85 59
117 84
75 87
145 66
105 36
190 199
144 88
105 60
72 150
141 33
194 143
128 62
184 200
91 145
62 160
169 38
125 77
100 63
124 72
90 71
199 61
60 23
107 185
160 71
137 140
40 46
158 33
139 161
83 66
135 59
83 102
171 188
146 188
190 78
62 130
138 164
177 110
172 39
46 122
162 190
146 87
124 194
186 130
144 22
96 158
176 145
49 158
81 36
158 174
89 199
93 53
56 80
64 197
46 131
116 101
142 171
137 188
113 35
92 95
198 124
122 91
79 189
148 95
97 20
196 69
93 189
95 105
182 167
72 49
94 124
196 91
148 165
44 79
47 152
118 180
133 121
168 114
194 131
61 102
117 179
152 129
106 158
80 183
77 168
82 82
114 107
178 77
78 99
143 109
70 54
152 78
170 166
128 56
86 69
75 190
118 168
52 70
115 86
107 184
99 153
64 131
138 78
91 55
83 55
196 70
73 44
136 52
161 67
105 159
140 48
56 171
142 150
170 184
112 132
185 133
123 55
162 129
158 101
175 154
167 177
147 83
161 71
88 66
165 65
50 147
132 38
72 31
116 43
151 49
112 102
67 116
48 125
138 41
129 54
151 143
169 94
121 176
103 182
40 157
139 57
46 66
199 45
68 192
114 41
110 133
75 52
111 131
71 90
130 188
81 174
193 80
56 78
180 64
146 121
141 100
120 92
142 59
135 107
125 160
129 179
64 152
199 29
61 135
91 118
190 185
196 199
120 83
161 118
113 94
90 101
183 131
60 195
183 108
94 51
69 167
111 48
89 78
174 128
55 43
124 160
193 173
80 169
74 185
146 68
97 116
64 89
74 115
136 32
180 118
111 147
60 166
66 81
156 121
47 50
182 91
53 105
58 134
76 126
140 25
132 102
182 132
186 32
175 178
98 187
60 187
109 188
143 167
166 58
119 197
200 95
173 113
47 197
47 143
144 144
132 160
121 110
108 141
197 82
164 152
43 179
196 52
59 87
149 78
63 75
59 133
72 190
169 131
76 35
149 161
167 96
120 82
67 192
164 48
74 65
84 151
96 116
140 176
72 43
162 111
52 111
188 95
98 80
60 51
78 178
175 125
110 140
88 61
73 123
43 186
136 116
46 26
154 105
176 148
87 177
45 58
132 170
130 144
179 72
194 81
96 177
115 20
62 39
95 123
92 129
200 41
109 60
106 140
143 68
169 53
145 99
188 76
114 180
160 162
61 160
141 83
72 158
190 176
159 20
94 93
142 34
162 147
162 31
79 95
191 132
60 37
92 25
91 111
67 149
134 51
120 132
101 85
162 91
48 64
98 93
175 127
75 64
165 148
46 110
44 58
108 52
96 80
183 112
120 63
157 41
168 68
63 71
76 41
142 90
83 122
179 108
134 130
83 67
45 121
135 158
87 50
62 167
70 135
137 36
74 112
155 93
95 153
122 180
140 82
166 142
69 161
158 94
73 79
198 42
71 118
62 61
127 41
198 131
68 119
130 60
195 125
181 119
149 88
143 162
199 50
64 132
118 193
106 135
79 182
156 190
157 182
171 119
175 28
94 117
160 116
74 194
60 170
135 160
118 129
183 64
184 27
107 73
173 147
183 107
103 168
173 153
61 21
153 121
112 37
108 81
44 158
199 101
111 33
124 140
55 49
155 47
66 75
166 36
145 113
139 97
175 163
127 170
121 194
178 37
181 65
75 23
167 195
65 63
189 115
141 173
138 139
192 129
142 116
143 50
126 132
59 144
152 170
182 166
61 59
88 59
164 175
101 157
144 117
140 99
192 164
120 101
96 64
187 25
122 193
86 101
146 106
116 35
74 158
49 71
144 94
70 107
142 160
67 99
52 187
198 36
80 102
152 154
86 129
56 158
126 186
156 30
117 95
55 52
156 68
104 26
162 97
76 40
145 140
159 162
131 192
77 77
115 158
164 146
162 85
131 87
181 105
110 84
125 130
95 33
180 124
185 135
45 140
136 79
49 78
104 53
75 71
164 119
166 167
198 24
73 30
93 58
67 77
59 177
77 169
161 140
111 177
191 52
190 184
176 93
199 38
49 45
194 127
115 45
81 159
70 196
48 44
181 167
183 150
54 140
148 44
157 121
45 42
125 163
187 191
42 178
76 134
129 94
71 121
200 144
56 183
89 135
91 188
80 93
195 169
191 28
179 145
104 90
178 163
124 88
91 142
176 88
112 78
183 56
173 199
101 97
140 122
76 128
62 125
197 103
128 141
136 194
74 105
121 180
64 35
80 31
84 21
123 63
181 177
95 187
131 31
136 70
47 174
181 85
96 73
160 180
63 144
105 194
103 44
120 148
182 145
76 59
145 93
200 93
86 177
196 181
62 42
97 97
69 96
61 167
98 143
99 97
141 138
75 168
111 144
46 86
46 142
77 51
113 150
55 91
82 56
180 170
156 29
90 141
79 146
147 78
84 90
114 145
182 187
68 57
132 42
109 54
80 133
182 93
173 41
97 102
156 53
133 147
140 143
117 40
191 87
131 35
196 25
161 79
58 161
161 200
64 63
128 191
175 32
108 80
166 40
69 119
188 155
172 143
133 41
69 118
196 24
106 57
117 24
96 83
139 69
65 193
75 128
155 36
76 113
181 60
193 152
105 57
188 30
87 27
197 24
65 93
94 81
88 164
77 94
118 88
136 132
136 107
164 200
125 40
167 41
83 82
53 142
192 40
120 91
76 171
184 25
169 112
130 123
123 93
71 56
165 143
168 112
188 116
164 23
183 177
46 112
67 121
70 198
41 199
194 195
167 83
114 110
164 22
148 193
188 116
56 175
107 67
172 102
146 121
145 25
97 172
144 195
189 83
62 76
192 118
89 99
70 145
155 133
182 78
71 28
40 108
54 76
96 110
109 87
66 59
124 174
42 128
117 20
177 163
198 177
182 27
161 95
192 107
199 156
169 82
139 74
147 44
189 97
