119 152
160 183
69 45
139 31
197 128
162 83
165 197
180 88
161 79
89 109
159 30
126 116
107 191
68 72
62 173
117 72
145 114
161 92
171 155
138 195
137 35
133 135
118 86
93 150
46 59
105 162
75 58
110 167
75 149
117 116
89 21
129 28
149 179
156 185
146 190
51 20
114 125
175 114
178 153
160 22
187 159
79 98
141 179
139 77
161 35
52 78
150 181
73 131
40 45
138 197
119 44
133 161
95 53
145 124
167 69
58 117
140 80
51 20
85 61
190 59
85 74
136 75
134 77
93 134
89 198
195 184
80 161
93 200
196 188
177 173
113 29
193 123
90 127
162 97
137 64
74 95
58 64
81 185
106 135
100 175
58 104
142 92
62 129
148 136
116 133
56 25
66 86
115 173
51 122
131 112
187 197
128 180
105 68
193 141
153 118
151 194
128 139
104 86
148 149
138 115
145 115
49 80
199 96
58 100
124 156
126 134
146 157
42 174
103 179
82 129
180 84
172 26
148 190
101 140
148 154
157 56
60 77
131 79
111 43
60 73
103 53
94 38
119 175
87 84
188 133
70 143
93 196
80 22
144 47
101 169
165 181
72 40
177 137
148 111
70 72
145 90
179 78
56 160
151 188
108 87
147 116
193 66
52 101
62 175
109 125
45 100
73 89
128 67
55 116
78 53
192 42
136 153
184 121
46 132
139 182
152 78
140 55
118 88
107 41
183 159
195 174
113 139
159 169
200 161
171 180
47 71
180 164
101 74
58 178
137 35
175 90
88 169
125 123
77 192
59 38
140 115
143 196
194 108
108 154
98 145
150 198
133 151
90 178
104 188
154 32
96 105
63 82
137 25
55 171
123 185
194 200
99 157
86 148
130 28
59 48
49 32
195 75
171 117
131 31
54 53
143 90
158 162
133 130
56 30
72 34
129 91
145 116
92 80
166 147
179 83
86 156
77 133
184 100
47 112
84 66
109 48
48 126
43 82
128 71
90 26
59 178
80 105
160 182
180 177
102 110
70 179
45 159
40 142
143 168
141 122
186 52
197 173
154 53
98 77
120 170
58 125
122 98
175 185
158 79
121 160
99 124
93 51
118 154
179 78
170 133
152 151
182 152
114 89
150 170
47 116
153 62
165 162
56 86
103 42
195 33
46 75
106 189
165 64
131 97
114 110
178 130
104 34
68 110
77 113
59 20
57 193
158 153
50 49
200 186
67 134
161 28
197 170
95 157
137 165
162 25
94 138
128 180
145 72
132 127
151 83
44 94
95 109
151 102
124 142
140 57
129 178
150 23
157 147
193 106
125 71
87 158
131 28
155 183
100 139
79 112
55 55
174 78
151 162
121 42
191 83
109 27
41 26
137 63
52 51
93 158
187 175
166 156
70 63
63 194
152 124
53 61
66 41
59 33
149 48
46 82
184 142
132 111
58 183
191 80
175 32
191 186
63 93
136 163
95 26
161 48
101 124
155 104
177 30
51 191
119 131
97 38
140 169
160 195
100 81
86 34
92 159
64 189
189 148
174 92
99 53
177 33
187 144
104 124
60 22
132 142
49 102
117 33
148 36
126 73
93 118
83 107
41 135
45 91
156 133
128 122
68 146
50 143
49 198
45 151
110 110
113 198
132 69
170 139
79 140
164 31
41 141
166 25
188 41
170 150
123 23
94 55
125 142
165 87
169 77
106 103
112 178
133 143
108 110
166 78
154 72
151 175
48 79
51 57
84 175
107 186
134 114
128 149
97 99
62 76
156 58
143 64
91 142
191 124
131 41
160 90
181 75
59 138
150 76
57 36
109 94
121 129
195 25
182 90
119 193
129 151
54 158
197 145
116 95
41 57
52 182
62 124
84 148
191 87
179 178
75 115
68 62
161 89
119 92
192 158
107 178
180 111
184 184
137 109
74 197
87 170
183 90
149 84
164 75
65 72
148 44
91 100
186 172
48 61
196 171
95 147
86 36
94 175
42 23
122 104
90 162
182 177
133 40
158 145
85 79
73 81
184 26
135 110
161 97
64 70
145 196
140 47
178 48
67 71
120 29
143 156
141 198
179 93
86 94
164 36
177 121
111 105
160 70
179 46
108 174
153 116
48 109
159 162
200 51
147 74
159 58
103 182
104 121
161 34
71 61
112 174
134 197
67 70
199 158
179 79
41 156
42 194
169 24
175 139
65 25
76 120
141 86
105 128
49 79
184 175
57 191
129 50
152 96
140 190
118 181
169 68
116 89
110 141
41 31
128 87
175 78
54 23
169 59
164 107
52 20
163 22
136 65
147 42
190 101
86 200
66 87
178 55
133 133
56 198
51 175
125 192
79 77
133 50
143 86
110 113
127 69
54 109
177 56
44 106
103 64
90 75
86 55
147 195
124 100
76 121
92 170
111 175
156 172
124 110
60 184
154 23
197 79
164 23
44 135
146 73
53 51
133 47
56 182
64 48
148 75
154 118
179 55
174 159
169 54
77 165
82 89
147 52
55 136
42 82
76 134
113 95
51 106
61 73
115 61
92 46
52 168
57 122
53 77
57 80
46 63
173 90
99 54
166 142
125 123
122 100
128 114
136 69
149 111
109 165
126 161
88 194
64 199
187 83
149 59
77 144
108 188
112 192
41 78
93 170
123 134
173 106
67 143
76 124
86 132
96 130
109 164
140 76
197 119
81 113
180 52
71 75
126 26
148 149
163 93
98 116
61 53
110 178
154 155
172 122
54 157
188 143
90 159
194 74
62 133
150 157
128 164
87 102
94 196
99 25
170 54
140 196
44 65
173 168
155 114
132 37
74 91
143 180
109 83
60 84
110 77
73 155
170 164
163 60
106 198
185 131
160 192
133 27
50 25
169 183
161 57
55 20
172 104
109 72
79 93
84 50
134 62
141 33
150 22
134 191
90 194
152 179
153 49
109 177
142 23
155 103
182 140
125 157
42 53
147 31
54 72
176 33
190 62
141 79
182 50
44 199
181 73
180 54
194 76
187 51
165 115
76 127
81 105
71 149
96 26
132 127
69 185
65 157
43 144
179 26
186 141
64 143
97 138
65 46
179 57
162 59
83 29
54 156
156 113
43 162
82 31
120 186
133 165
52 156
132 81
94 98
85 144
148 152
159 107
137 44
51 185
44 117
108 94
131 82
170 127
48 47
61 21
101 144
104 94
171 44
199 53
155 38
84 152
197 91
166 79
145 92
98 178
43 117
55 123
87 61
88 124
132 68
50 155
116 34
140 169
195 100
86 92
40 91
107 96
85 87
54 143
67 184
96 179
53 127
180 25
165 105
123 164
40 107
76 54
161 40
92 49
188 200
193 171
46 97
88 70
48 194
171 133
121 160
194 93
150 184
135 93
103 45
99 97
71 38
177 133
172 63
105 112
42 161
182 134
94 101
86 98
46 50
141 130
198 193
40 153
65 28
105 71
184 74
80 162
141 79
177 44
56 86
56 73
68 103
194 57
68 94
130 25
137 56
169 163
88 178
181 58
178 153
55 141
141 32
165 65
84 34
105 162
65 72
97 104
98 29
127 182
112 140
143 37
115 61
153 75
61 179
173 111
60 75
175 50
162 175
130 49
121 170
121 165
159 33
65 76
78 111
129 145
147 110
138 129
98 67
159 179
156 68
73 185
40 168
181 131
127 126
76 67
77 134
66 46
164 91
192 98
152 76
124 181
196 31
135 62
192 73
107 195
138 183
132 165
173 62
151 99
47 111
101 101
170 96
64 90
199 80
131 79
92 92
90 125
112 167
46 135
159 90
46 145
181 82
191 197
74 180
193 65
151 188
181 44
110 56
179 187
187 163
70 94
188 140
113 48
150 160
128 35
62 110
100 131
145 109
142 59
186 106
180 185
67 119
140 177
74 166
142 142
102 197
188 35
56 67
145 143
55 74
106 172
122 132
152 20
143 38
85 132
100 68
78 89
153 168
141 184
100 193
42 123
48 195
143 122
92 83
77 86
42 192
182 197
160 96
75 95
102 160
161 29
66 56
193 53
188 85
157 29
53 193
137 179
102 108
82 97
113 101
153 200
114 155
58 118
63 171
200 54
74 192
177 161
186 190
188 149
177 191
52 20
134 131
126 29
41 118
82 99
142 130
167 64
144 77
80 70
156 167
136 182
164 114
167 113
135 199
104 44
170 141
74 110
138 69
95 145
50 61
171 195
139 26
90 146
52 48
124 156
123 58
181 194
196 143
173 96
157 118
183 98
46 134
162 61
91 30
142 76
82 26
52 85
110 168
59 91
158 115
117 73
173 126
183 148
176 107
162 80
91 121
128 148
173 57
140 168
98 175
86 121
74 139
179 40
92 125
184 53
91 177
189 198
193 71
150 104
152 57
107 122
71 155
66 79
125 146
84 178
170 27
119 39
197 55
54 71
87 133
129 131
63 197
178 155
145 149
183 165
148 164
92 93
143 72
156 185
129 193
107 86
166 66
173 116
193 117
135 112
73 50
187 179
125 182
121 148
115 80
100 21
162 192
159 134
134 139
188 181
144 176
40 100
46 100
115 41
169 141
52 70
106 125
182 194
134 102
131 139
40 68
47 25
168 149
120 79
92 86
40 33
63 178
180 181
43 131
181 184
147 112
185 167
54 76
157 53
85 142
102 168
119 110
122 185
90 170
90 41
70 81
131 43
169 66
137 85
140 32
72 91
52 165
144 63
134 124
42 139
185 21
149 49
113 66
128 94
100 106
86 83
187 118
171 61
46 154
113 138
55 154
170 175
77 138
46 159
185 30
54 200
124 94
76 60
154 140
73 126
72 41
163 32
196 110
82 53
180 133
68 102
74 115
82 123
157 23
78 70
103 137
91 198
161 39
75 109
41 102
119 181
83 99
144 114
115 172
41 197
69 25
158 109
191 105
177 174
103 58
92 164
120 111
184 53
169 116
170 23
111 117
165 41
62 182
146 147
159 188
54 88
81 25
157 55
98 52
158 26
156 166
194 55
154 25
45 70
43 94
48 85
153 173
191 194
139 82
138 153
103 71
194 170
149 164
193 116
43 64
182 65
88 43
156 141
117 26
114 177
99 29
76 36
61 75
165 102
65 88
122 80
104 111
182 133
116 25
188 57
64 115
126 123
199 105
187 189
158 121
86 50
153 130
111 72
122 127
182 163
110 109
108 110
97 178
43 99
87 159
146 149
164 40
189 78
194 25
155 49
194 178
50 25
152 184
81 160
76 163
162 53
105 120
124 170
190 130
183 105
165 66
162 169
46 121
100 41
186 78
52 196
149 56
118 126
47 137
76 159
149 29
162 32
97 56
110 81
123 161
155 35
154 169
43 57
111 110
181 45
98 136
89 190
41 140
142 155
109 27
124 158
110 22
169 45
148 102
76 88
83 134
84 92
62 105
48 74
82 167
141 161
175 162
75 133
75 176
109 67
125 22
174 54
140 110
189 43
67 196
189 194
191 52
182 170
116 35
61 68
80 34
67 47
52 46
105 118
193 71
145 188
150 41
148 96
115 199
116 97
140 177
86 88
70 189
66 184
169 107
97 112
92 75
153 186
72 54
92 186
87 140
75 145
105 165
100 170
129 112
112 198
109 55
96 62
110 53
118 57
197 27
180 152
198 76
111 199
48 175
122 33
49 42
146 63
138 194
190 42
86 123
91 161
200 77
151 171
149 160
187 68
120 53
51 188
62 118
195 88
189 76
59 35
102 28
100 29
113 103
52 90
45 175
165 22
188 183
92 132
53 179
162 25
157 146
58 58
54 127
79 174
143 104
155 104
197 168
50 102
193 29
80 103
97 99
166 75
74 156
163 116
116 145
128 134
108 33
185 133
101 133
125 176
108 147
175 110
143 175
110 95
76 115
197 159
162 101
188 156
147 96
52 21
92 190
127 35
162 152
90 126
188 52
125 51
118 45
141 118
85 84
90 178
107 108
82 139
196 88
197 122
111 176
152 192
88 21
173 118
134 198
67 130
145 20
89 168
176 199
61 176
123 98
200 49
169 63
141 33
60 110
118 68
174 164
77 115
63 195
65 115
110 155
92 138
111 49
69 155
198 69
153 36
119 198
99 114
152 105
103 51
87 187
189 119
41 91
90 157
89 97
156 108
166 62
62 150
141 66
95 200
68 182
52 50
48 176
142 26
79 129
173 171
49 103
196 179
154 166
110 138
115 112
181 108
187 89
114 83
192 49
146 164
103 103
110 38
192 44
195 113
182 117
55 115
173 92
99 174
74 122
198 32
62 121
147 195
106 102
195 154
71 181
123 165
93 197
92 169
133 71
94 100
114 76
75 136
162 68
130 196
96 121
200 159
94 175
44 197
45 145
116 150
93 110
108 35
109 38
128 120
180 104
71 183
60 139
98 88
55 156
75 65
82 193
131 149
138 49
45 129
195 90
189 33
105 41
129 43
116 40
87 20
168 113
182 59
104 130
105 55
161 47
96 32
200 147
142 83
56 93
123 167
93 162
177 35
132 176
163 74
178 34
163 83
198 190
158 127
160 116
44 180
182 150
66 177
180 133
114 181
83 185
198 100
139 119
149 94
180 147
190 59
132 32
183 186
41 44
142 56
190 128
102 186
192 109
144 155
184 129
135 39
158 117
98 47
200 172
149 162
57 29
182 87
148 43
199 48
114 50
59 89
51 48
89 176
106 194
190 118
141 175
49 174
116 150
146 178
153 162
119 182
200 21
101 63
165 55
158 162
113 91
150 156
200 95
173 24
176 176
156 78
117 65
111 44
168 31
78 84
192 188
154 104
159 27
177 130
95 187
193 42
109 189
46 50
76 59
181 160
68 196
79 64
66 24
191 45
191 26
140 129
44 64
162 158
77 159
179 104
92 99
52 193
114 173
84 71
93 175
74 121
78 124
119 94
112 193
188 120
192 84
74 142
176 136
145 147
49 182
50 39
141 142
154 126
170 70
68 28
48 155
151 189
146 95
186 136
128 43
136 23
142 32
110 35
150 123
41 158
144 82
49 81
159 182
107 70
44 28
127 51
122 61
131 123
138 197
91 64
42 41
96 149
65 48
51 47
159 30
113 95
200 102
116 186
174 31
101 90
177 108
93 192
161 32
86 135
91 167
124 38
123 61
174 50
145 34
71 132
172 71
62 54
137 80
165 156
184 28
135 34
141 113
48 38
58 77
181 87
188 102
89 20
92 45
71 93
113 125
129 147
181 84
63 78
148 73
94 41
174 123
143 181
171 137
88 116
94 184
94 92
51 159
93 151
54 90
155 173
77 67
73 197
129 124
46 64
74 61
78 20
123 146
57 117
73 93
69 34
95 39
79 153
74 123
109 143
197 37
51 25
174 50
188 93
172 25
93 162
180 197
165 97
113 85
47 120
162 197
98 152
136 54
174 114
200 24
139 39
64 133
116 53
66 72
159 83
102 89
176 87
190 31
108 97
168 20
193 127
174 141
120 191
78 32
110 180
52 185
59 117
101 50
148 113
180 164
184 155
78 83
175 187
188 157
194 137
106 130
79 182
93 116
132 68
180 176
150 107
86 75
153 103
76 172
108 108
85 92
165 122
134 78
177 184
110 87
53 98
148 25
90 154
193 22
168 165
148 138
84 138
99 162
140 196
55 105
57 177
71 85
55 66
51 167
88 153
188 51
84 162
187 60
182 99
66 117
135 85
89 159
188 119
98 73
167 180
53 171
79 75
74 108
66 178
60 136
158 99
180 112
116 74
164 153
170 176
129 105
125 178
188 107
61 192
159 137
69 56
68 93
67 162
62 101
91 91
112 48
106 46
187 118
131 165
145 113
162 162
153 71
111 39
132 118
93 144
172 63
42 183
64 134
197 155
165 108
189 149
160 198
154 71
77 137
42 70
175 117
137 55
60 49
131 196
149 187
63 26
100 185
93 178
44 173
113 122
142 54
197 40
182 69
133 112
49 143
43 165
147 78
168 106
108 125
65 132
140 86
182 100
157 151
80 89
189 90
45 108
55 160
127 200
164 178
167 35
42 186
79 180
178 118
146 87
121 47
70 149
144 104
164 111
40 77
163 70
85 45
94 176
48 174
141 200
57 115
53 35
91 165
184 26
143 55
48 54
95 107
60 125
103 124
136 36
193 66
76 198
155 54
114 121
134 129
186 148
100 137
153 188
146 161
158 75
146 162
178 96
110 134
56 67
46 158
111 91
199 178
53 138
47 32
58 158
119 149
84 186
100 131
110 155
72 31
151 37
179 151
49 125
48 96
152 115
87 108
154 164
136 173
145 139
134 36
81 162
135 56
184 122
116 199
146 97
175 146
157 34
112 107
151 127
70 50
93 91
130 198
188 88
136 50
150 115
60 182
122 170
169 161
86 27
112 20
71 75
73 66
176 127
58 180
168 122
178 156
85 21
165 101
195 104
68 100
105 191
178 22
159 56
96 79
189 48
81 175
151 110
166 93
176 146
185 34
134 124
176 173
186 140
73 72
190 93
95 159
117 77
97 121
78 60
51 193
96 95
183 55
169 150
122 125
178 107
154 143
146 20
103 106
141 147
85 106
197 185
84 35
89 140
115 106
158 138
70 80
77 36
179 188
178 113
153 190
146 159
158 185
103 58
185 165
160 139
148 113
168 93
142 144
69 99
63 192
80 177
132 139
182 118
150 95
199 198
131 130
162 83
128 54
150 105
64 102
103 100
82 167
184 133
102 199
46 141
110 39
96 147
42 102
196 35
100 123
192 122
83 146
45 44
160 135
117 54
95 83
162 72
181 36
177 61
126 67
168 56
111 199
45 137
186 46
73 112
188 84
102 114
86 187
65 138
101 68
160 186
166 54
161 78
162 182
113 38
72 176
195 28
85 189
166 59
182 167
149 31
170 154
185 162
186 165
118 64
195 86
156 122
43 160
150 133
43 133
63 54
154 129
184 140
71 49
44 83
147 62
181 169
88 139
154 177
168 103
73 82
121 172
79 144
85 93
155 199
54 27
97 110
116 103
183 94
177 70
66 33
115 117
152 199
172 136
193 22
57 116
40 52
101 133
46 93
157 121
57 89
80 39
187 166
141 91
110 114
124 198
71 93
119 130
151 31
176 156
144 137
47 136
161 155
164 100
67 30
145 92
83 188
93 131
130 92
78 91
183 167
134 110
83 89
81 105
168 92
171 101
112 135
142 42
137 146
173 131
88 121
194 36
165 88
94 123
90 34
47 125
91 38
43 198
88 176
75 135
57 153
80 118
145 139
40 90
198 145
94 120
66 78
114 33
128 38
166 50
159 40
98 160
140 174
159 93
59 150
129 147
168 126
144 133
122 25
106 30
65 90
84 66
144 175
141 147
126 45
100 189
196 134
164 139
104 79
173 157
94 35
47 93
197 37
173 151
101 159
102 28
95 168
165 29
157 46
52 63
162 167
95 85
110 31
178 112
161 162
70 126
180 164
77 176
103 186
57 196
73 84
113 76
173 29
167 30
165 28
156 154
130 116
113 21
161 168
198 156
111 190
103 146
154 33
66 117
97 82
106 73
127 71
169 161
108 100
118 62
145 160
163 153
124 83
82 136
102 185
165 47
76 150
125 194
47 189
92 114
83 81
101 84
102 118
137 40
87 114
115 40
190 22
196 152
47 198
123 143
126 52
59 115
105 122
106 137
153 174
187 154
43 130
169 119
65 72
45 24
101 131
59 27
90 108
50 198
108 147
166 100
54 22
119 45
171 102
139 39
79 75
40 35
107 77
151 119
59 80
193 122
167 175
150 191
60 36
82 140
40 94
186 48
199 155
144 185
87 128
172 181
176 60
147 59
104 56
130 199
53 35
101 40
93 84
46 72
87 62
68 70
104 193
153 60
184 168
52 132
124 72
127 107
131 91
184 109
69 38
131 181
50 85
101 161
189 155
59 192
124 118
111 186
54 52
112 26
193 97
49 116
74 36
95 199
154 159
126 67
141 122
188 89
128 128
198 198
175 61
80 139
127 116
135 172
85 139
150 21
105 56
57 92
93 37
57 147
198 132
42 199
96 52
160 144
65 173
53 123
86 31
127 29
128 173
137 194
60 131
159 174
87 35
184 69
190 134
60 56
82 156
192 154
148 63
187 24
42 84
198 199
85 143
72 131
145 48
97 111
73 81
44 197
134 145
116 98
71 130
138 35
110 138
130 36
147 124
154 171
50 39
178 172
89 38
197 176
173 175
160 196
97 119
50 104
138 197
98 69
92 126
53 183
123 44
83 42
75 52
56 146
155 191
175 41
185 24
40 136
98 148
77 67
168 170
40 100
85 104
102 188
72 115
93 46
196 180
180 173
191 184
165 157
44 95
47 169
105 166
185 200
59 130
163 100
117 26
156 61
165 160
104 76
127 144
137 38
119 190
43 121
52 89
181 123
59 130
115 157
95 39
67 110
140 71
125 147
111 127
136 45
102 154
74 148
50 114
99 30
71 200
154 75
148 126
143 53
182 126
180 159
139 97
137 176
137 80
86 78
56 173
122 47
165 70
94 124
132 24
132 22
181 198
130 43
44 96
199 130
119 179
80 161
183 48
59 80
184 83
186 120
131 190
127 33
180 58
77 99
175 36
137 92
81 63
177 28
197 33
163 61
85 135
54 122
79 139
46 97
72 35
97 188
155 132
69 192
80 38
99 123
47 131
46 25
123 115
102 45
102 123
61 38
111 59
122 90
135 37
155 169
58 170
95 43
44 46
198 143
103 148
143 99
115 20
91 128
58 74
94 83
68 88
95 168
129 69
150 73
102 113
74 121
179 126
102 73
176 173
130 159
92 191
50 172
177 170
200 172
152 59
63 35
109 196
56 157
167 164
49 45
183 92
84 170
114 178
105 187
44 59
59 99
144 118
118 183
184 134
96 191
72 79
67 147
106 154
102 160
111 33
170 149
169 146
98 100
108 55
136 47
132 110
157 159
90 49
120 79
151 171
103 115
99 134
75 116
153 130
57 144
177 139
99 74
130 57
60 43
165 181
127 57
156 124
194 22
138 180
118 153
120 199
130 36
115 66
96 148
154 104
45 46
44 39
170 109
41 151
73 186
91 196
136 141
191 188
98 25
107 186
75 191
71 133
89 174
94 60
130 146
82 143
110 152
193 132
180 50
94 134
50 180
130 70
97 199
59 130
152 192
157 135
47 119
194 114
143 158
93 99
51 198
171 122
48 30
90 173
194 33
84 96
160 173
172 79
43 126
178 148
90 104
59 96
102 182
193 55
131 174
98 89
64 143
137 28
67 21
101 91
143 167
40 148
88 199
153 62
110 107
53 61
113 124
143 91
50 65
195 167
186 182
100 100
52 42
61 23
141 60
40 23
114 141
166 107
188 197
59 180
52 165
150 72
160 196
129 87
152 173
138 124
52 131
167 140
122 194
170 66
194 126
62 168
176 171
181 171
65 37
174 42
94 161
121 113
122 65
49 170
84 37
98 56
165 62
53 176
60 58
145 86
181 21
193 200
77 53
144 187
191 159
144 67
40 61
188 183
150 189
51 171
40 44
177 105
97 180
139 94
154 144
102 190
149 67
91 140
197 104
109 54
172 69
107 88
65 178
84 113
177 26
79 183
40 29
56 102
65 46
48 124
114 33
121 86
69 143
74 151
66 141
183 64
104 28
141 40
104 80
41 140
52 38
123 88
179 97
74 25
198 135
174 113
44 138
171 120
132 72
174 108
139 128
154 31
51 49
148 63
182 107
45 51
89 139
180 82
197 78
159 138
50 160
186 171
62 96
143 40
78 130
154 20
185 107
114 121
111 156
66 66
65 123
195 133
114 90
90 122
41 176
92 117
125 169
70 136
43 124
116 183
87 192
120 166
63 20
60 44
173 80
189 79
128 182
87 155
152 167
115 71
53 52
198 88
148 78
52 88
162 131
164 128
66 102
177 198
121 92
93 162
117 193
87 141
163 70
124 158
133 144
138 116
196 68
131 77
131 62
156 116
174 114
81 106
161 89
193 167
175 57
82 162
78 43
53 114
70 158
65 84
58 159
132 190
48 82
77 79
64 129
78 67
141 88
70 200
103 98
78 68
121 187
193 149
188 139
79 128
134 55
65 129
137 126
105 57
116 175
154 43
65 97
48 95
162 74
177 118
124 54
138 167
140 69
116 164
144 114
146 136
65 148
181 194
198 152
188 62
63 117
109 179
195 29
48 170
110 104
52 96
92 172
55 73
117 99
87 150
154 135
161 145
148 165
50 52
89 105
197 89
196 47
124 163
44 110
178 187
170 38
173 187
125 20
101 115
188 186
118 141
93 71
134 192
62 60
167 130
192 166
164 81
113 102
191 169
193 140
172 30
180 174
63 123
47 130
124 52
100 197
149 187
84 133
160 143
106 40
77 122
197 172
187 63
131 82
169 198
196 171
144 66
102 24
151 78
171 183
74 60
166 110
158 109
94 30
184 187
98 87
72 163
52 104
129 76
85 175
199 188
150 64
127 44
170 154
166 168
152 178
165 107
174 80
68 32
168 97
193 167
134 91
74 70
86 148
111 179
86 42
80 95
57 116
80 72
150 120
84 31
107 140
192 67
43 150
81 63
158 37
192 97
151 113
80 173
74 47
149 109
183 80
114 23
157 93
134 59
62 109
66 56
121 146
42 114
72 178
42 108
140 43
75 182
188 180
194 173
55 27
94 146
92 61
40 69
188 200
117 56
125 179
79 85
109 64
167 28
54 105
74 21
90 91
89 199
163 120
74 21
167 126
43 179
59 111
54 123
148 69
96 177
119 61
168 194
75 138
157 129
116 127
42 93
143 57
119 97
138 194
104 77
120 196
164 146
173 115
81 149
81 74
88 77
50 142
176 26
68 48
138 167
59 106
83 42
49 118
147 146
121 147
151 194
70 78
140 68
71 62
186 156
40 104
95 117
196 192
164 149
80 143
125 69
146 112
130 45
76 57
198 182
144 184
70 76
64 180
151 158
95 191
46 192
94 93
85 88
128 25
88 42
177 192
159 67
122 100
85 109
65 169
49 54
58 184
164 156
84 197
197 155
49 53
157 90
96 125
61 185
200 173
178 27
170 171
122 77
161 79
184 31
154 137
114 188
195 197
183 106
194 157
105 130
107 180
136 33
126 174
176 116
141 198
54 102
122 127
132 152
189 172
166 104
166 178
105 89
130 130
196 107
123 134
166 197
153 180
73 33
49 89
169 105
95 154
123 96
154 21
172 105
197 93
160 161
52 119
62 44
55 116
124 64
188 184
193 39
190 41
77 150
81 106
102 51
192 25
193 48
131 175
128 92
70 157
165 35
188 64
46 162
166 100
182 42
172 130
142 133
81 34
174 88
175 154
92 42
200 66
162 76
93 112
104 110
56 42
194 140
134 173
107 191
76 113
158 93
130 129
120 48
198 200
185 56
64 165
141 187
80 32
180 91
168 105
102 25
77 100
190 77
142 79
128 118
116 157
132 56
53 68
53 173
139 87
62 85
169 124
73 177
95 111
114 193
135 70
177 64
115 133
103 36
195 41
77 31
54 146
137 155
192 75
107 35
163 154
178 184
51 39
86 56
43 175
128 105
90 25
178 177
102 182
123 58
110 63
98 126
135 200
140 138
98 185
116 62
148 47
84 197
52 173
191 105
141 113
42 93
51 192
178 92
95 33
149 79
141 78
66 178
137 85
61 123
170 30
184 62
105 198
112 37
192 152
65 93
50 109
152 48
198 135
110 36
143 97
82 149
91 147
108 200
186 179
165 81
130 32
62 183
157 80
182 27
128 106
196 104
107 79
152 161
177 169
83 78
125 75
188 75
112 106
194 184
146 75
105 114
91 149
118 191
94 105
127 97
73 176
57 24
122 33
166 75
152 117
146 35
166 33
76 60
103 108
64 163
128 153
99 31
168 49
104 50
55 97
43 132
43 27
58 51
102 88
100 195
68 47
106 41
197 103
88 118
159 50
138 62
101 55
152 166
186 135
65 156
51 114
79 108
185 110
127 147
199 54
155 75
59 186
135 167
164 169
81 57
80 153
47 98
111 53
107 79
51 91
50 104
83 52
192 29
42 37
105 25
161 23
150 69
189 97
118 172
174 199
187 20
151 122
105 32
165 140
175 194
186 50
55 170
156 182
183 172
195 189
91 23
145 98
59 34
155 36
179 188
48 157
131 189
98 148
110 33
79 110
115 101
53 149
76 74
110 153
146 62
143 189
118 86
178 58
173 174
53 136
46 52
126 175
107 170
69 122
133 187
98 63
45 170
96 159
73 50
53 169
123 165
53 87
78 60
73 35
137 141
118 147
159 131
131 158
187 94
167 190
114 131
89 127
67 41
172 176
70 55
185 69
137 53
55 151
53 164
181 188
193 55
132 137
195 33
87 28
115 154
119 117
164 155
145 106
117 51
197 176
159 97
126 93
177 170
79 186
79 152
181 82
159 100
72 63
171 159
189 160
56 129
168 30
134 42
161 137
149 134
146 66
154 196
180 195
73 92
185 122
42 65
122 149
107 159
180 121
187 113
191 123
169 186
71 159
182 107
155 87
47 107
69 22
163 35
72 51
116 52
107 27
114 134
141 94
149 162
143 176
144 32
181 116
141 138
188 105
58 158
106 27
44 103
113 79
160 143
121 159
198 74
143 136
183 62
108 149
60 154
40 171
127 60
54 184
198 70
94 175
124 158
103 194
81 32
192 102
125 71
47 128
69 57
196 167
128 132
72 148
119 45
61 177
106 132
78 92
56 179
52 199
192 116
183 30
180 126
174 50
189 188
123 24
148 135
197 99
76 167
190 197
64 31
104 149
91 44
143 51
140 183
139 188
180 47
187 79
150 186
62 139
162 149
143 27
198 134
116 99
59 118
180 144
159 24
77 55
90 197
181 60
179 128
193 85
187 153
123 139
41 41
46 171
86 60
63 141
97 51
136 165
157 98
177 134
68 142
157 129
60 74
152 174
150 127
54 172
169 30
119 176
146 125
122 192
85 26
132 157
123 64
155 191
97 73
53 29
186 170
152 49
72 186
132 28
170 70
76 59
142 138
196 129
146 156
125 167
82 170
106 39
72 193
90 82
78 41
164 142
170 166
135 153
104 24
61 168
44 77
94 65
55 46
40 116
63 105
118 25
108 25
138 158
47 128
185 175
47 49
158 196
116 150
91 76
188 31
143 106
104 147
89 142
112 192
147 59
56 74
95 144
189 171
159 145
179 65
141 150
68 150
49 124
171 59
82 179
135 172
181 44
124 146
160 26
93 51
196 24
131 103
124 122
65 36
105 27
71 28
175 112
63 127
176 85
180 192
184 156
55 136
70 88
152 118
135 192
186 65
156 170
56 176
198 153
52 168
78 147
117 48
87 73
66 142
72 189
188 51
197 195
144 122
140 155
157 124
110 179
64 154
75 174
200 112
141 173
183 32
198 188
127 28
185 85
153 126
106 131
184 58
62 168
121 86
104 87
103 67
153 97
59 134
43 149
192 27
98 72
101 145
73 96
100 152
58 53
94 35
172 24
190 150
112 44
131 100
111 70
160 46
159 141
185 29
120 122
97 126
40 95
85 69
85 186
125 120
81 147
51 131
142 173
171 49
51 129
98 48
98 179
80 44
45 128
185 113
162 197
53 182
46 88
68 107
185 75
191 189
127 198
88 53
64 73
76 65
47 53
47 108
147 150
179 107
97 100
137 191
150 164
189 104
154 111
80 60
72 169
75 141
162 155
169 70
116 66
97 66
144 151
97 126
45 160
183 91
63 121
96 30
177 172
87 199
146 172
196 95
114 150
174 32
103 125
47 81
135 183
100 175
60 196
190 94
165 193
49 183
114 78
158 118
197 144
158 118
42 137
178 83
197 143
58 78
183 167
132 103
196 120
185 108
111 166
77 168
64 127
124 26
176 76
85 46
105 196
60 87
44 53
133 88
186 193
113 151
158 142
54 192
60 52
193 36
88 25
184 30
115 164
88 88
169 191
60 101
158 62
111 37
127 68
54 137
115 181
198 200
162 87
83 181
92 53
137 107
168 200
93 124
84 76
128 117
115 94
42 138
40 56
65 75
62 71
81 123
60 122
52 194
51 86
45 63
130 123
88 71
48 199
93 38
130 68
194 58
141 93
91 56
43 149
110 26
192 164
125 82
142 165
87 49
101 87
61 20
192 140
187 143
168 66
58 140
178 123
136 47
99 75
133 79
151 133
167 103
49 80
127 52
194 83
58 65
99 162
190 118
174 152
155 114
164 106
119 157
181 64
167 36
151 114
93 180
124 98
51 98
156 188
164 23
182 189
70 40
114 77
128 77
154 122
113 165
100 119
75 57
48 55
175 105
53 163
135 98
137 20
127 80
198 22
81 54
158 106
133 27
89 92
162 160
63 104
168 20
136 79
145 84
185 86
56 167
121 164
58 85
104 86
150 144
49 190
98 175
189 91
180 200
125 69
173 128
83 157
150 108
65 105
50 193
158 142
197 173
58 71
91 125
117 153
165 155
114 21
122 30
52 50
99 130
147 155
197 147
87 188
75 137
112 27
189 158
184 141
133 40
114 172
158 93
93 45
129 100
132 165
169 70
58 165
105 33
198 90
61 142
159 52
143 142
69 113
45 126
189 23
120 82
116 198
44 47
172 72
113 69
142 166
143 96
147 68
65 65
122 162
55 198
149 186
112 125
60 141
81 48
77 171
111 69
165 181
161 126
104 150
188 102
112 191
131 124
188 89
122 161
75 79
110 144
80 144
155 149
55 198
162 96
76 152
118 100
173 38
134 50
73 190
111 20
184 169
178 81
107 65
62 35
196 160
53 109
172 21
45 60
179 137
50 158
184 179
199 27
158 146
156 69
199 139
188 134
92 70
179 28
171 131
100 87
180 97
77 183
106 86
179 71
177 113
143 33
83 164
97 106
49 98
186 177
114 106
143 171
66 51
105 22
59 168
88 183
190 55
163 199
131 171
193 188
94 190
113 199
45 34
66 25
62 132
46 136
138 56
79 104
104 121
183 44
176 170
184 191
70 193
50 68
109 89
133 96
174 160
192 186
178 30
155 20
162 26
190 94
92 103
170 30
76 134
88 164
134 26
77 77
130 166
41 95
42 173
189 97
194 65
76 64
141 159
130 140
189 132
159 141
110 22
182 163
114 139
134 117
102 198
190 113
137 123
120 75
80 191
104 110
53 166
126 111
117 59
136 90
139 76
52 180
99 140
151 78
182 31
147 54
138 71
83 71
133 180
150 150
200 107
92 21
109 113
133 134
105 77
163 160
73 175
86 98
198 42
145 117
77 105
154 83
56 31
173 157
142 73
101 106
110 73
183 91
108 175
188 121
114 56
65 152
98 187
135 86
62 172
169 61
197 57
99 200
54 168
73 97
197 133
78 45
55 198
99 42
130 39
165 176
160 193
184 129
135 38
60 195
91 85
165 98
70 174
46 158
88 186
186 181
108 101
114 182
173 43
79 33
185 35
67 129
94 99
178 116
166 95
111 133
113 187
116 80
190 155
102 31
60 105
52 192
191 156
140 42
80 87
161 154
99 32
89 70
179 35
75 179
118 124
101 174
52 156
76 103
140 129
140 20
161 161
132 59
53 93
60 61
130 125
117 80
96 47
97 151
179 99
137 147
181 178
185 146
126 138
134 59
149 162
200 188
82 92
187 159
58 169
81 24
95 154
121 80
152 152
113 191
182 198
116 134
157 188
61 106
123 44
150 123
84 199
200 182
63 53
157 28
79 142
106 42
52 42
120 27
66 93
192 121
139 138
177 173
188 38
132 165
185 152
172 44
74 70
151 168
200 165
44 138
110 44
57 192
70 73
139 42
184 168
43 103
194 180
81 104
175 82
192 22
47 183
131 112
51 152
94 106
125 199
103 110
177 25
59 49
175 190
129 103
192 179
166 37
184 80
71 98
196 114
191 71
191 54
58 117
145 193
143 122
166 155
105 23
114 103
51 25
154 27
152 24
162 134
41 56
195 112
170 158
152 20
85 156
101 85
76 163
69 43
72 74
61 105
84 48
162 102
139 66
66 63
161 95
86 94
66 77
78 86
131 110
74 123
79 195
67 80
161 174
85 181
126 42
71 154
106 51
125 144
159 95
69 62
197 186
99 72
143 182
156 30
98 166
116 100
42 195
156 118
101 172
61 186
114 52
190 34
130 190
103 145
76 142
154 168
81 38
49 138
159 55
65 82
192 162
151 66
148 80
165 195
178 168
132 126
170 153
188 36
142 54
170 130
70 119
132 20
190 107
112 143
179 147
122 140
154 44
101 148
142 30
118 35
102 157
100 180
63 81
132 125
101 61
182 169
153 43
78 36
154 102
198 168
69 179
127 39
97 86
51 198
186 67
129 71
161 190
67 30
87 132
117 164
118 166
108 23
117 191
51 145
128 35
76 39
129 88
43 100
199 166
155 140
162 115
122 77
183 194
136 160
65 100
62 194
83 178
177 159
148 133
55 185
199 27
60 157
63 46
87 97
195 106
185 96
57 131
144 140
49 134
183 73
169 80
83 90
107 183
46 191
136 21
133 69
191 25
135 25
180 168
112 34
141 124
154 88
165 107
190 37
193 35
147 29
102 195
163 45
188 128
118 169
133 123
162 36
67 30
159 31
139 117
184 85
127 52
154 143
187 53
57 86
82 166
113 121
43 164
57 132
102 151
200 81
88 181
109 182
192 199
96 59
196 127
93 123
150 59
119 180
155 113
48 106
146 126
106 162
120 129
65 137
63 46
152 187
69 182
119 123
119 159
144 167
137 193
91 68
95 31
105 45
147 113
105 66
101 150
88 125
148 59
68 155
160 29
109 20
74 157
103 125
96 24
76 43
64 39
150 63
173 140
188 31
196 83
60 29
73 51
194 72
83 157
89 28
108 163
106 79
59 180
80 112
140 54
45 47
51 111
151 29
195 110
54 168
167 186
57 26
169 120
131 59
110 175
56 183
185 123
141 70
85 176
98 27
184 123
121 122
54 60
87 34
92 167
42 183
128 76
120 85
193 191
86 190
110 154
117 90
195 148
85 76
86 183
165 42
165 143
46 180
46 194
154 175
47 100
105 148
50 149
125 64
124 162
200 109
121 58
41 60
118 44
127 159
167 51
140 171
147 66
45 75
107 105
101 61
185 98
43 86
194 114
42 189
104 199
49 63
43 50
66 81
92 74
140 102
132 36
95 47
61 44
193 45
186 21
51 192
114 60
126 32
112 90
93 186
124 162
79 36
105 88
86 124
93 170
118 150
156 189
186 148
156 25
56 47
56 75
196 62
82 116
66 192
56 134
200 188
190 120
67 199
49 198
159 151
156 108
50 30
143 196
88 93
190 147
194 96
138 93
136 136
131 122
41 129
140 24
80 121
48 43
187 73
99 50
156 182
161 46
74 81
54 87
183 60
52 65
130 142
145 65
78 33
139 189
178 52
143 68
112 32
90 168
84 46
65 55
116 80
184 46
154 137
68 199
87 88
149 161
68 92
43 81
163 41
184 186
68 143
117 179
124 175
133 28
172 171
152 64
189 89
92 68
171 107
147 118
110 72
63 126
67 156
63 187
130 136
142 66
195 162
156 73
195 55
58 54
94 136
155 155
62 65
112 30
172 124
105 73
115 89
191 83
61 127
101 157
77 46
61 54
160 130
74 31
169 46
162 172
95 83
105 26
152 128
113 159
131 125
93 101
145 88
161 108
67 110
103 58
189 44
172 110
172 160
67 136
184 80
67 170
56 97
128 98
70 129
167 194
83 104
180 149
131 184
174 93
85 33
81 98
86 164
121 139
175 25
195 196
55 191
50 138
161 110
75 184
184 164
80 65
103 57
181 166
57 84
55 92
54 147
140 159
57 150
191 94
134 141
57 52
131 147
168 84
86 118
50 96
175 117
50 171
72 157
44 138
123 148
58 27
134 42
43 166
137 196
67 100
126 169
67 120
89 169
57 80
49 29
45 124
197 66
60 41
137 179
99 37
138 117
71 110
134 87
55 133
138 200
83 189
197 47
86 121
55 138
145 30
80 56
108 30
134 87
183 175
99 75
63 20
195 22
85 190
70 65
43 41
149 157
177 157
94 179
136 86
74 154
128 31
102 158
72 74
142 122
79 44
82 194
65 157
49 20
134 97
100 130
190 32
53 89
170 171
168 158
116 135
66 155
123 143
42 135
127 60
48 130
145 191
151 25
52 102
181 144
184 70
143 180
128 199
187 109
130 71
57 165
137 43
199 67
168 77
115 145
126 21
91 57
125 92
77 174
41 40
179 118
116 137
126 69
181 155
46 110
120 199
175 32
88 93
179 49
198 134
62 98
109 140
51 44
62 21
85 41
125 170
193 137
104 76
146 191
191 162
86 150
146 45
89 52
172 124
47 106
120 103
61 185
129 114
149 24
43 104
71 69
86 29
46 25
157 161
114 57
80 103
147 73
68 98
115 20
95 34
96 60
93 105
77 83
108 44
94 171
72 161
148 124
108 44
85 172
50 169
138 56
195 132
40 98
140 32
65 114
47 41
104 96
64 181
90 29
91 105
84 23
183 162
114 85
65 68
92 23
73 164
87 71
42 60
169 200
79 25
60 171
176 37
135 87
180 144
169 183
88 145
154 182
168 104
87 72
84 154
198 56
44 31
93 76
173 172
86 47
71 49
100 71
82 21
175 68
40 188
196 94
196 194
100 105
146 174
187 81
127 165
67 81
189 200
176 155
47 58
65 68
165 136
86 180
152 111
63 74
67 183
173 148
168 111
140 193
167 100
94 127
79 156
69 37
158 128
128 128
117 48
77 43
108 63
171 174
145 165
70 108
167 77
151 55
175 84
152 48
52 49
125 129
126 186
198 107
79 156
100 35
53 179
107 185
49 189
159 198
89 124
78 58
181 36
138 98
127 47
91 77
153 99
178 79
124 167
165 59
77 115
98 102
184 61
71 126
181 81
120 50
57 182
58 145
90 158
40 73
149 172
51 144
143 127
92 63
99 112
158 136
197 22
58 183
47 76
127 38
150 116
79 92
91 95
179 117
85 172
114 44
78 33
139 32
156 114
152 113
185 85
180 77
84 134
181 97
40 59
96 148
123 60
152 90
124 131
96 139
126 150
131 28
182 72
46 83
92 72
99 74
135 91
64 37
152 22
136 163
88 26
176 44
142 71
44 192
40 93
106 107
171 198
194 73
198 52
178 162
65 175
86 32
160 67
114 30
92 185
83 97
56 58
196 144
108 63
128 121
150 110
112 123
182 91
161 101
175 23
51 56
153 100
45 83
100 149
84 148
98 200
96 72
115 155
118 73
92 105
137 148
144 178
111 130
49 154
169 127
80 141
106 59
160 74
48 166
47 152
49 55
184 30
66 103
141 42
84 172
146 143
87 103
167 96
151 135
52 152
174 165
173 48
75 53
183 103
199 171
90 162
200 166
76 80
55 132
127 174
178 146
104 147
95 134
170 106
190 110
193 110
183 109
107 196
47 93
85 153
122 148
77 156
186 90
83 38
104 41
191 98
70 193
145 65
91 113
91 178
83 138
197 152
196 199
76 167
124 86
113 88
165 116
138 140
81 162
188 183
117 64
165 48
147 176
111 195
118 100
133 185
178 46
179 160
127 140
191 168
80 140
95 22
106 127
166 105
88 79
65 25
137 184
126 25
182 143
159 49
130 166
189 99
68 46
163 165
167 129
60 158
172 58
88 90
71 152
154 125
191 65
55 51
199 60
107 51
85 94
119 85
174 45
74 39
91 116
109 183
142 130
150 150
49 116
70 82
68 133
135 30
120 38
75 121
191 82
133 154
61 136
180 133
177 159
77 190
98 96
96 184
134 144
73 119
63 161
97 87
110 108
178 185
101 120
130 66
132 70
80 75
61 25
59 167
66 28
198 196
180 112
98 66
198 95
179 168
184 63
172 176
197 157
114 143
108 132
101 99
145 20
141 179
99 130
127 199
131 49
126 154
81 179
186 191
46 176
48 71
53 105
88 41
172 104
166 35
43 182
129 65
48 173
167 93
110 136
107 82
79 37
180 131
123 122
151 128
184 146
72 78
99 43
67 105
69 23
114 60
168 171
88 176
136 90
41 200
163 69
142 194
188 200
188 43
156 165
42 106
70 37
187 58
56 46
192 95
166 95
110 41
175 20
47 116
127 162
117 57
169 174
87 26
168 63
117 149
185 140
49 90
160 116
61 126
159 69
169 101
147 145
154 32
188 180
150 102
149 155
85 75
171 50
74 89
116 48
101 45
147 66
169 32
196 106
131 68
142 145
60 122
119 59
43 120
183 123
85 74
151 46
197 107
85 177
106 181
122 99
163 158
69 83
86 33
43 119
88 45
159 58
176 90
80 144
168 52
122 93
145 84
48 84
152 99
91 110
118 56
76 110
129 34
59 105
80 199
58 94
198 180
81 138
81 115
183 39
106 183
53 94
184 121
134 70
200 72
90 117
165 106
79 24
128 57
183 37
64 116
131 137
111 83
197 120
77 21
109 131
87 197
95 109
151 58
140 47
123 98
130 118
158 74
96 187
136 108
159 42
77 103
112 59
110 139
79 42
98 26
106 185
61 27
54 55
51 166
