137 46
51 66
186 87
65 188
119 133
51 121
49 104
127 79
177 80
139 170
198 154
61 169
55 140
110 90
185 46
176 128
116 141
140 75
96 191
102 49
117 148
118 154
147 105
73 21
200 69
93 162
111 197
129 79
146 66
87 66
111 95
183 42
195 78
54 67
124 193
190 121
159 74
171 182
169 54
104 41
64 78
142 142
148 134
148 106
134 143
161 88
136 21
77 174
98 166
44 176
171 66
67 44
180 124
166 200
110 115
69 133
53 113
169 57
57 168
86 94
100 34
134 120
71 101
186 161
193 132
170 71
84 149
77 139
193 192
189 100
86 37
116 196
173 129
76 72
161 33
96 181
165 144
135 129
167 152
88 119
124 139
121 175
64 172
80 45
171 138
58 86
50 68
134 169
117 35
62 131
145 131
51 39
52 86
162 165
160 186
106 31
96 91
44 36
178 196
162 64
151 153
66 92
118 92
135 145
134 182
195 160
70 56
89 149
140 195
123 46
147 94
101 168
161 66
47 160
72 49
58 143
82 62
162 134
200 50
176 34
166 67
120 129
144 37
116 72
143 165
93 107
53 102
122 48
118 67
73 103
165 139
119 195
140 182
151 38
42 104
155 21
163 118
66 194
96 177
150 138
90 79
145 165
104 38
47 138
78 195
125 103
49 186
117 145
158 173
184 85
155 171
113 88
200 59
167 126
85 146
120 180
185 95
190 39
80 128
170 48
99 25
156 38
125 190
141 132
123 103
63 114
166 102
45 104
81 176
200 188
94 144
156 99
107 53
146 109
49 26
176 130
80 43
93 108
166 147
166 140
156 171
110 68
167 24
160 104
105 94
59 189
135 65
168 117
86 172
183 192
139 39
104 186
140 55
64 37
177 177
64 74
195 109
56 83
58 107
198 28
88 96
87 168
120 47
199 189
136 142
61 26
66 26
91 198
81 47
183 166
189 129
82 25
89 170
150 144
185 70
83 131
74 199
41 121
87 84
95 200
88 55
112 42
73 123
171 104
126 188
175 71
197 30
68 147
93 187
109 130
158 174
43 66
89 167
64 48
165 133
107 47
183 145
169 50
111 30
111 180
52 108
169 100
150 50
110 105
51 169
112 73
107 185
66 184
187 123
179 99
102 173
171 130
59 186
144 116
150 112
100 148
123 115
50 73
117 158
90 184
140 49
187 45
81 169
65 198
111 85
58 112
177 177
121 185
105 142
160 142
172 45
195 49
77 182
184 85
68 161
155 75
55 96
91 103
90 126
51 73
169 72
87 49
129 114
96 142
105 106
159 111
200 34
41 37
159 117
59 142
194 195
87 151
178 68
165 59
196 119
120 61
68 94
127 42
193 127
56 91
149 93
84 192
76 190
166 163
70 195
169 108
165 133
180 200
83 112
126 33
152 162
197 177
91 66
113 42
45 102
161 80
174 137
182 140
176 29
103 193
105 142
106 68
150 164
53 192
155 186
50 48
107 101
118 78
162 141
95 42
59 99
127 114
184 73
125 39
176 197
99 80
43 148
70 71
135 96
111 87
58 47
120 109
123 37
58 181
154 48
158 67
90 198
169 152
41 20
182 147
134 166
161 195
159 26
195 21
40 92
200 98
72 51
86 136
146 125
58 121
172 56
44 54
89 79
117 114
99 23
40 126
123 88
146 113
158 56
187 88
199 100
124 107
137 149
104 86
139 41
106 108
86 188
108 22
157 56
64 41
144 80
107 186
118 90
199 164
116 84
147 32
55 123
162 104
132 101
188 146
156 166
107 138
132 44
51 184
180 26
170 174
105 32
194 181
146 77
63 135
91 64
40 192
129 133
69 29
187 111
169 107
58 160
193 187
78 101
182 188
109 104
111 130
102 155
56 41
62 114
71 165
194 92
192 48
127 112
138 31
200 146
46 160
130 92
70 66
109 96
142 181
76 50
86 103
152 48
163 32
126 142
189 49
141 64
171 20
193 46
107 30
198 97
166 55
80 200
174 98
158 109
177 168
43 66
184 91
127 86
60 190
200 27
84 187
68 70
167 181
50 198
194 28
124 108
53 185
125 173
100 23
183 118
126 192
99 183
183 150
122 171
116 83
151 75
82 189
123 79
185 125
88 192
147 27
45 45
125 102
51 54
86 122
41 79
181 103
87 47
46 157
74 21
82 91
104 98
168 80
57 135
65 149
158 89
140 44
54 73
106 119
111 36
82 139
157 106
187 59
99 75
43 58
135 68
166 55
143 74
155 62
98 175
141 41
114 112
93 25
120 49
200 102
52 71
156 71
92 174
105 101
119 118
146 90
50 123
134 51
146 133
62 25
167 126
79 176
100 122
81 174
138 85
123 22
93 65
75 48
175 73
183 184
144 110
191 69
96 123
82 184
94 134
125 40
128 134
113 35
68 99
145 197
44 108
127 36
171 71
192 125
161 200
48 52
113 112
164 176
163 117
126 130
121 147
186 24
78 146
128 58
188 197
185 47
170 184
189 22
155 139
54 110
61 114
75 42
95 114
44 25
158 164
170 33
82 118
68 47
44 27
83 175
187 173
48 39
54 58
77 196
126 182
154 177
137 73
62 153
67 182
146 123
112 40
100 147
182 107
165 144
79 22
135 83
94 91
76 73
64 49
159 46
160 168
59 35
111 54
184 49
74 163
84 25
84 119
192 108
146 26
143 185
61 85
126 127
118 194
71 36
147 175
184 120
111 24
156 73
85 107
182 130
151 61
137 111
187 121
102 122
97 85
89 55
42 38
167 190
56 186
111 197
196 151
200 195
106 57
145 144
112 128
93 141
199 142
93 60
181 26
162 63
148 176
44 192
54 184
174 200
123 149
155 80
167 84
132 83
196 72
186 134
102 133
173 155
159 98
91 104
85 135
52 99
77 120
68 187
148 54
168 140
198 185
42 52
139 67
151 69
117 93
187 192
116 152
81 149
150 187
114 24
65 154
78 96
81 69
64 91
51 62
187 163
80 125
133 43
148 104
100 118
43 56
114 153
154 185
119 107
88 107
118 120
166 101
157 171
145 39
94 164
136 112
101 193
185 34
81 158
138 45
156 67
77 109
62 191
45 169
92 23
70 37
144 47
59 189
188 115
52 140
116 59
127 144
64 173
164 74
154 23
86 199
123 104
173 73
179 121
104 99
49 56
116 127
77 28
129 180
73 165
140 188
188 70
168 45
128 121
190 180
191 127
128 102
115 32
116 137
183 163
116 98
107 66
144 31
183 121
136 61
167 86
82 99
69 134
114 47
122 118
105 107
164 165
130 71
118 195
126 132
75 136
135 77
78 52
87 109
137 72
113 139
200 105
146 27
52 41
190 175
78 27
158 197
132 103
152 36
164 94
178 75
148 89
199 49
111 122
56 50
91 76
100 71
170 26
100 46
63 177
184 43
196 175
105 78
100 194
168 149
178 130
147 90
131 83
153 26
42 84
141 97
176 27
186 155
93 170
44 68
122 41
180 50
159 175
85 153
136 45
47 89
156 61
98 59
86 90
195 51
152 26
195 104
135 163
132 130
101 73
81 129
73 35
66 188
173 90
170 145
75 110
97 153
151 78
90 61
83 136
95 85
79 145
109 83
176 94
191 115
180 55
198 149
158 155
155 72
45 127
105 108
166 78
90 58
135 194
127 167
175 134
40 87
81 128
163 104
172 77
182 72
51 170
46 182
146 105
90 51
107 67
73 86
184 167
73 70
44 133
184 132
74 172
159 197
77 94
127 128
44 60
79 61
55 161
106 126
71 33
103 78
157 114
40 77
144 67
158 68
114 199
112 142
121 49
178 123
84 66
131 183
150 195
60 119
171 110
138 76
130 70
112 193
176 33
64 197
67 48
80 101
157 123
44 192
158 183
152 44
148 134
144 197
46 173
107 73
168 39
76 49
80 154
180 111
131 116
134 124
52 107
109 48
175 91
186 70
157 57
133 196
58 51
58 20
173 87
73 161
85 90
96 149
63 197
80 68
84 51
66 179
67 127
60 131
102 192
42 49
88 86
153 193
153 25
69 186
83 51
136 107
102 106
136 33
66 50
160 147
147 26
118 92
114 173
177 78
149 64
54 79
169 161
163 113
97 38
137 98
196 172
43 65
51 183
84 135
157 172
102 106
105 38
59 74
75 47
60 146
162 176
80 43
152 88
170 138
54 23
164 21
194 38
110 137
55 172
192 56
40 93
170 126
111 96
134 177
67 83
40 153
99 74
80 51
47 161
67 180
181 185
40 35
44 163
98 101
133 38
185 103
49 112
144 161
113 133
54 85
181 122
165 55
176 133
86 161
81 29
185 48
124 94
156 68
84 74
104 87
111 150
196 174
57 42
42 129
187 185
63 98
104 134
139 141
60 96
102 82
146 171
78 151
103 104
107 101
164 69
41 106
196 93
66 131
168 177
146 36
159 168
49 99
94 120
130 124
48 94
45 37
156 51
50 101
162 107
148 138
107 132
85 127
46 119
80 197
195 130
190 39
97 51
131 65
69 104
184 68
126 23
93 78
92 190
88 47
188 170
137 179
163 158
103 98
85 178
163 92
195 51
42 190
127 107
179 116
121 183
121 167
170 60
152 182
59 35
92 160
165 88
198 150
91 43
165 90
109 153
179 97
135 64
113 39
195 162
184 121
199 187
140 58
55 85
71 106
82 103
99 124
67 50
155 86
77 134
153 163
120 94
63 22
45 37
158 181
161 44
139 168
91 81
98 58
134 40
193 36
90 112
47 82
160 134
165 174
91 71
95 82
190 140
51 149
171 144
199 66
82 76
89 181
192 143
61 122
137 65
135 69
123 189
189 162
155 175
105 177
76 96
103 52
149 61
100 66
152 44
96 148
199 195
77 195
124 113
143 71
102 173
94 81
64 83
99 123
192 92
124 62
112 33
199 82
53 160
106 131
48 39
126 98
132 152
187 161
151 67
127 30
49 176
46 66
52 199
68 177
58 29
124 195
169 60
159 85
148 130
51 90
165 49
146 34
121 163
126 26
115 86
113 41
55 36
136 128
147 87
161 161
118 93
94 76
119 107
149 195
103 89
129 45
62 37
183 76
176 131
179 178
150 188
73 40
141 179
69 184
77 183
63 55
129 43
130 20
61 137
152 182
102 72
50 181
199 175
92 80
187 120
68 162
197 125
170 120
70 158
142 22
152 158
92 130
108 59
163 162
51 58
100 30
60 151
73 31
111 151
172 83
141 192
143 70
71 154
172 132
173 46
65 133
189 105
80 102
143 115
112 133
147 112
129 194
182 29
63 54
159 125
83 121
193 72
47 132
100 74
56 149
109 54
63 125
106 99
114 34
110 195
95 119
101 181
138 26
99 127
188 39
163 192
101 84
147 113
173 63
56 133
40 197
115 196
49 70
114 139
197 28
96 59
152 48
117 114
191 27
100 173
49 157
139 54
171 104
133 175
110 48
47 39
112 65
88 41
41 20
63 23
196 27
184 151
124 127
113 156
136 54
73 191
107 162
46 68
153 64
126 142
174 190
174 113
182 158
68 99
115 191
146 168
112 67
176 106
162 70
108 64
189 20
99 151
125 40
56 57
168 60
81 21
90 126
68 168
174 137
166 64
70 128
179 71
72 179
167 58
122 64
72 108
102 87
78 169
74 57
165 135
147 34
114 92
42 40
71 167
72 55
42 117
158 42
170 63
133 48
43 167
171 60
190 74
154 148
150 53
64 83
80 166
119 27
51 72
44 157
58 198
86 79
137 45
174 162
148 83
108 154
40 157
160 92
122 122
106 124
181 109
182 37
106 158
77 106
105 164
191 78
156 56
73 44
71 34
40 185
76 115
188 80
197 44
152 145
113 108
92 46
146 111
41 95
190 29
158 194
97 78
101 191
178 58
66 54
127 195
100 83
72 77
128 55
151 155
63 167
93 143
182 65
113 188
188 46
52 165
93 165
125 30
133 73
92 166
69 75
101 97
186 196
88 69
112 177
48 58
154 187
109 147
92 148
119 84
134 135
150 79
135 41
180 157
63 159
96 80
195 57
54 113
145 181
183 83
164 27
188 167
86 30
122 198
185 51
76 154
149 39
144 73
146 197
89 71
183 137
134 146
132 195
146 94
116 107
125 142
80 99
195 156
51 95
47 179
187 179
92 94
49 158
59 29
115 47
117 57
76 33
64 185
180 31
117 139
72 62
187 157
170 177
175 98
105 99
136 150
153 175
185 155
151 158
184 90
160 99
101 171
50 112
149 192
147 177
187 147
103 77
60 144
166 95
73 112
135 181
199 56
143 50
171 153
48 129
102 178
93 150
114 20
83 65
77 185
168 168
185 183
68 29
86 103
116 44
140 96
47 183
107 61
143 42
120 104
108 28
182 190
151 97
168 185
50 70
193 107
85 181
110 149
129 112
191 42
148 198
135 156
80 163
140 124
133 109
89 131
114 181
184 147
149 63
59 131
197 160
157 34
172 163
65 184
120 138
79 85
76 182
94 83
105 163
93 82
161 146
169 186
144 167
156 81
124 164
169 99
153 180
172 176
180 42
161 168
170 53
199 155
193 31
121 191
130 132
146 85
97 159
48 39
43 163
136 184
185 61
62 30
106 99
152 117
100 36
67 38
94 117
162 157
123 195
127 49
83 145
143 81
147 58
57 50
86 192
152 42
55 141
183 53
198 193
150 154
53 109
51 140
114 167
126 149
162 161
154 165
121 73
175 26
108 158
165 68
130 117
67 44
151 196
119 195
125 195
191 165
49 54
152 198
57 22
188 46
118 63
45 200
71 117
130 66
192 80
73 146
73 24
98 58
197 107
145 77
191 50
71 113
146 71
192 192
71 53
141 96
165 197
136 181
79 70
157 160
137 21
169 156
189 48
81 161
192 27
180 135
61 132
103 136
64 191
40 192
164 181
72 146
155 151
155 23
79 69
113 38
53 191
185 168
94 95
68 81
61 160
94 173
195 155
40 113
86 92
163 31
130 34
107 72
83 78
50 40
184 130
166 111
87 175
158 149
158 166
116 156
167 127
174 155
43 128
139 121
45 52
187 177
149 24
88 115
68 135
170 69
167 111
71 37
178 106
193 68
155 84
81 34
135 141
94 100
106 189
198 122
189 52
140 187
71 79
85 130
97 62
111 77
121 198
154 66
92 183
139 140
60 66
140 68
108 41
42 156
144 91
184 170
80 127
49 199
75 150
75 190
151 177
185 58
117 48
100 69
156 62
102 96
145 51
129 172
169 130
134 65
100 72
85 107
82 150
103 32
142 123
69 191
174 194
118 26
79 105
143 151
58 24
149 103
77 153
54 157
62 92
138 147
197 74
87 25
121 107
102 40
49 94
49 25
99 97
124 150
108 39
108 145
94 29
116 188
197 27
176 182
102 124
74 154
47 200
72 34
43 145
163 184
140 105
98 148
165 147
103 95
190 198
114 31
197 45
96 153
60 152
99 139
50 171
108 117
148 119
118 194
196 97
155 35
67 55
181 41
118 133
69 183
73 65
195 41
196 142
68 111
54 24
93 187
58 60
153 158
106 173
54 120
41 127
49 61
75 101
183 44
175 110
44 78
147 120
48 120
113 56
187 106
131 200
101 118
54 37
171 195
162 162
199 185
161 64
176 192
82 35
166 125
115 44
96 110
65 71
135 87
70 107
181 61
133 68
126 162
45 176
158 163
163 122
70 92
42 138
72 39
84 28
111 131
51 102
51 189
136 97
100 46
185 148
87 67
93 74
54 167
58 186
92 158
179 79
163 98
111 160
51 156
74 62
92 137
189 123
166 26
168 138
183 185
151 185
96 34
189 147
160 41
113 187
117 156
196 99
59 173
189 90
195 26
89 141
116 159
155 79
65 47
137 35
178 101
167 82
82 135
59 36
125 164
137 50
180 121
142 29
95 148
170 98
101 46
157 116
163 124
162 134
96 190
73 57
111 198
80 183
182 27
61 23
100 191
174 23
156 45
59 122
170 130
160 54
111 144
75 46
108 181
170 133
97 26
57 56
96 193
44 180
128 187
120 133
121 63
161 98
59 25
59 154
132 65
110 87
162 114
154 72
167 152
170 86
96 35
43 159
97 194
119 102
128 195
50 56
70 57
121 79
175 181
151 90
83 142
49 128
177 129
69 59
90 158
87 107
196 185
168 113
94 52
200 185
193 93
71 39
68 33
191 128
98 154
153 183
109 160
60 197
154 60
111 124
192 67
72 145
48 59
157 141
113 48
95 85
171 191
41 108
45 124
115 144
83 90
42 74
174 108
142 175
145 39
55 44
139 104
167 38
115 32
44 87
173 25
163 109
68 67
169 25
79 123
165 86
85 178
98 186
183 138
42 73
165 118
152 169
80 180
86 160
43 30
102 195
43 136
78 102
94 32
111 79
160 190
179 168
106 31
123 25
49 168
101 52
167 123
190 137
93 57
89 190
124 124
118 161
175 179
73 147
110 72
169 85
151 191
125 44
107 135
108 155
129 29
149 67
152 146
165 133
169 87
121 193
44 153
88 145
119 47
178 188
189 142
200 20
169 33
165 123
44 76
179 83
124 39
73 47
84 23
188 29
124 196
161 90
189 175
150 118
117 111
56 70
153 39
134 124
141 185
87 125
197 52
126 149
49 198
72 55
41 29
196 171
68 99
90 57
196 186
47 41
49 76
94 103
110 79
158 69
42 102
53 140
157 90
79 104
125 74
165 86
63 46
107 180
65 36
158 119
116 136
102 125
150 22
152 134
96 81
144 139
171 25
47 122
147 71
130 134
88 171
112 123
193 187
120 48
166 160
55 77
93 106
64 29
181 184
166 172
57 192
43 191
46 74
92 178
95 163
124 171
53 149
69 88
179 161
130 52
174 41
79 63
83 132
134 83
191 169
90 182
133 118
88 163
167 28
134 65
175 25
68 29
195 63
98 142
103 173
90 32
143 143
174 150
136 107
73 146
97 111
158 174
64 29
164 182
145 183
153 40
185 70
165 83
117 164
66 89
192 83
54 103
181 109
89 62
113 31
78 179
187 141
64 157
46 103
126 178
67 181
53 200
82 65
98 50
72 90
144 199
147 172
87 131
181 23
40 97
63 148
44 91
151 72
73 21
150 156
52 95
168 173
46 183
154 186
127 105
62 45
44 28
137 190
173 168
88 188
102 51
91 89
112 186
109 161
186 99
171 142
44 102
74 68
179 178
119 125
116 59
122 195
89 71
95 120
49 67
180 31
188 169
152 153
166 81
93 154
52 179
77 54
140 32
178 106
69 70
192 195
49 30
106 23
111 55
144 116
119 165
115 70
193 118
166 101
47 56
154 44
117 188
147 87
198 200
191 151
79 21
179 178
146 105
128 100
172 122
111 187
119 51
97 115
167 95
95 129
170 113
194 55
159 84
167 166
128 78
141 162
165 44
92 60
49 70
184 169
83 31
152 121
178 123
150 152
163 140
157 28
118 24
124 102
127 175
70 155
47 170
174 85
40 112
51 50
173 30
181 122
121 24
48 125
58 31
124 159
55 55
52 131
197 131
146 113
60 24
94 193
89 100
146 88
138 81
109 192
62 134
127 139
134 132
99 150
183 151
65 173
130 42
183 133
94 143
54 76
123 97
135 40
194 54
155 75
112 38
44 85
126 181
182 190
183 39
186 161
85 31
105 199
81 40
183 146
116 51
76 136
196 169
83 24
104 62
175 84
62 170
157 146
91 165
98 120
81 160
59 43
92 165
55 56
107 142
195 31
166 83
72 110
124 128
43 102
60 105
47 195
93 38
178 118
62 68
91 152
104 86
191 127
180 96
131 46
189 124
73 44
153 90
186 36
49 62
144 107
99 117
80 90
184 112
132 193
90 187
120 161
184 190
79 57
173 161
186 107
69 71
58 31
100 105
60 111
190 20
108 197
172 137
196 58
168 89
130 88
160 102
64 96
156 42
188 50
53 198
41 197
149 90
144 166
40 43
124 93
61 139
53 120
81 170
168 129
120 106
105 63
158 110
150 88
94 162
145 120
61 175
99 176
128 155
140 79
182 73
147 100
54 124
164 176
80 74
150 21
107 89
53 120
57 198
50 119
119 174
134 155
99 166
53 53
119 82
151 58
193 167
197 103
197 140
184 183
153 85
164 68
75 107
121 155
173 184
156 102
99 179
178 134
197 180
75 170
116 172
177 92
150 67
79 148
182 172
80 83
161 37
151 63
58 176
81 54
53 189
186 59
66 32
100 171
118 117
126 198
75 124
70 136
75 114
104 94
94 107
54 160
168 26
113 171
90 116
178 67
135 118
151 39
183 89
153 135
176 25
111 58
172 47
126 85
122 168
84 30
136 62
63 147
145 121
169 154
54 151
108 159
136 25
100 104
118 77
136 107
186 177
156 68
142 77
93 73
86 37
155 23
149 168
159 145
47 154
137 27
140 31
165 24
169 148
138 101
61 47
43 35
71 51
187 85
126 22
48 101
192 119
131 144
130 28
199 39
76 86
64 183
181 167
69 71
42 127
122 34
97 112
136 92
151 132
82 185
62 21
167 187
167 84
144 167
69 197
129 74
133 84
102 77
122 33
180 100
164 35
130 113
76 130
121 188
106 73
59 57
84 128
141 136
95 85
149 147
147 193
106 104
49 142
141 116
153 36
153 40
100 88
183 49
71 58
184 181
155 111
153 194
112 162
63 89
129 187
184 43
121 77
71 100
145 50
131 101
190 165
163 139
91 42
139 105
162 32
93 69
64 134
166 67
92 96
183 124
49 42
200 41
196 159
160 46
156 33
127 59
83 197
104 46
167 71
198 150
150 99
148 118
107 76
173 21
185 98
85 89
128 64
56 44
193 200
149 42
92 115
199 115
94 36
92 107
89 186
93 153
193 26
90 62
176 188
95 199
159 160
161 43
194 86
40 147
88 185
140 142
196 76
192 95
74 116
192 99
52 187
110 116
125 164
180 150
199 76
126 153
76 44
68 114
66 124
145 49
179 185
174 175
167 34
146 194
168 183
111 105
193 96
164 127
50 120
135 138
41 156
140 158
184 52
196 134
82 86
138 94
119 133
180 190
69 190
172 80
74 29
109 34
93 92
169 67
136 174
125 159
125 56
194 41
199 106
92 162
136 103
103 165
94 112
114 119
144 199
187 106
47 39
158 198
75 119
160 178
72 110
177 46
73 50
174 163
144 86
44 43
129 30
182 31
98 59
43 93
131 90
154 121
198 146
149 75
131 181
102 91
116 73
144 64
45 172
153 194
124 47
88 42
147 46
90 100
99 164
188 102
51 47
97 50
89 140
179 200
153 44
152 106
63 72
142 26
193 162
135 110
193 66
43 47
118 194
68 152
107 48
177 103
182 176
135 97
162 87
101 103
63 77
188 147
47 100
187 23
140 121
127 151
45 187
176 146
95 37
102 20
58 52
113 77
41 126
183 106
157 89
148 141
41 158
124 96
148 40
96 165
122 152
54 102
113 103
110 166
144 77
50 149
98 178
63 98
199 24
76 64
167 174
141 142
181 68
117 66
192 59
171 158
146 55
83 195
129 172
47 165
161 24
88 60
104 59
106 89
182 95
100 158
66 49
160 174
80 65
75 30
136 108
98 143
116 174
112 95
70 87
76 144
181 97
183 135
176 147
169 22
127 21
88 164
46 121
66 169
65 123
81 34
91 173
43 79
87 93
186 153
182 149
54 95
119 65
175 193
146 75
101 71
168 31
63 117
146 133
155 195
197 121
170 146
188 190
138 98
93 93
83 38
152 170
165 58
139 120
92 147
130 79
193 113
93 72
127 100
53 25
58 73
182 35
77 50
148 111
135 114
42 158
74 114
65 20
177 40
149 36
148 135
77 169
73 106
48 143
115 200
150 196
177 20
163 170
133 49
106 157
85 89
72 40
134 88
160 154
187 137
169 49
115 144
63 87
100 37
53 120
87 190
137 133
94 132
155 145
133 63
45 140
128 153
43 107
186 152
72 20
57 185
69 25
196 184
198 179
137 100
56 184
186 22
98 183
183 38
176 200
42 153
44 71
64 122
174 50
171 61
188 195
50 164
77 65
114 191
195 113
176 110
104 31
65 89
78 176
187 69
163 166
65 43
128 120
151 168
126 61
91 101
107 170
135 37
188 167
104 155
159 49
97 30
61 93
196 29
172 164
121 62
152 48
67 134
126 197
58 174
57 87
168 68
114 84
41 47
176 159
138 46
133 197
56 102
123 35
185 68
161 192
145 167
194 148
128 79
53 150
41 73
59 157
82 148
119 150
190 45
46 187
198 63
155 140
167 118
41 179
88 92
146 42
46 171
91 129
52 178
173 173
112 186
109 47
44 167
113 184
140 120
197 125
185 179
119 83
182 160
63 182
155 118
137 171
166 165
119 147
49 123
161 72
68 29
193 23
180 102
48 45
47 169
171 107
95 83
190 133
117 165
64 45
69 43
91 66
125 20
133 197
156 96
154 34
60 197
49 85
78 49
113 196
102 39
60 149
109 72
79 60
131 170
134 111
172 139
45 61
50 126
169 123
191 96
182 31
147 41
199 108
140 116
59 60
184 93
157 113
54 172
46 121
49 128
106 56
68 89
155 159
61 92
112 56
198 41
173 122
173 197
88 52
146 149
123 102
171 21
194 124
73 154
70 74
169 121
52 187
150 33
194 74
97 148
161 28
185 126
177 109
156 115
129 62
47 70
165 135
159 54
57 125
132 68
112 188
113 155
87 23
174 172
140 193
169 54
118 93
145 111
167 65
95 188
56 163
190 177
92 22
181 102
114 145
127 135
69 167
129 196
200 169
51 69
190 162
200 188
158 52
156 180
183 114
41 190
72 127
114 154
48 182
120 54
97 162
46 94
108 95
154 164
169 56
124 38
191 187
55 138
168 50
177 91
87 114
147 99
188 149
94 114
79 132
180 188
152 177
130 144
103 28
63 131
65 148
178 64
50 151
168 110
150 136
97 57
55 76
117 190
48 132
67 116
112 161
101 120
182 102
85 110
128 187
41 142
57 91
183 184
181 84
113 115
122 110
145 146
50 116
172 131
162 175
160 61
92 164
151 44
156 73
185 190
168 23
144 83
164 159
135 47
75 63
165 157
110 84
53 183
101 87
158 172
125 95
129 150
165 23
55 121
99 80
192 179
104 144
86 144
113 197
59 114
163 74
63 146
162 63
73 190
110 129
70 67
84 77
80 133
55 57
110 130
45 104
97 108
120 184
174 119
118 67
156 173
163 20
180 174
133 183
156 198
181 196
182 86
182 88
168 82
86 63
51 108
191 181
42 127
69 188
155 100
107 89
106 71
198 126
109 151
172 137
86 144
105 115
56 170
173 121
135 94
94 179
94 178
107 114
73 179
181 86
112 158
121 163
101 63
156 22
174 192
60 104
154 127
124 46
79 98
181 84
87 151
54 151
90 181
148 172
73 38
198 27
133 29
191 187
90 200
195 169
179 78
134 172
173 152
160 81
93 119
145 29
137 139
81 54
184 179
45 181
51 199
135 95
194 174
158 160
56 88
63 40
157 69
100 197
169 43
119 186
102 140
139 46
44 124
49 118
129 41
192 166
197 161
59 161
82 148
72 43
169 46
47 117
62 72
103 117
125 113
92 113
61 57
43 113
43 106
151 130
62 173
89 153
141 62
146 35
86 150
48 148
94 159
49 176
119 127
194 196
149 99
151 182
182 155
131 60
50 92
60 140
158 92
66 95
185 150
63 184
117 64
53 188
107 47
180 128
184 82
125 164
143 136
143 104
182 93
198 197
94 72
166 90
61 63
91 112
170 133
83 131
120 198
76 199
49 200
51 29
44 66
165 189
177 107
106 108
167 189
146 155
163 129
165 116
59 172
90 181
96 142
171 105
129 43
112 46
106 113
94 139
133 172
87 111
86 196
177 191
173 186
71 198
137 152
58 141
117 89
84 142
48 165
82 100
58 48
164 153
47 118
144 104
197 54
133 117
122 149
193 71
145 74
56 165
146 71
109 123
132 23
115 192
46 22
77 121
43 36
137 34
170 180
42 33
53 141
156 21
90 187
170 143
95 20
69 190
136 85
125 118
98 171
156 163
132 139
82 143
189 152
92 135
111 108
87 151
131 194
148 77
149 21
49 41
144 77
66 104
153 98
119 122
189 181
55 150
148 172
191 198
174 80
180 145
67 38
46 160
54 158
186 45
86 165
87 138
192 183
104 163
183 26
129 164
149 97
110 43
190 158
63 183
48 67
188 160
134 72
143 162
91 195
69 86
154 131
78 136
125 102
128 62
144 195
151 73
70 104
127 179
126 144
81 54
90 28
51 29
162 198
96 113
139 66
200 148
168 120
118 102
118 32
134 34
89 67
54 83
91 175
54 22
132 149
132 135
147 146
70 180
144 125
159 145
158 113
43 134
142 137
82 91
52 33
126 161
53 100
151 172
56 44
53 43
67 188
85 150
149 37
139 159
148 175
113 117
72 91
154 20
87 118
89 174
147 113
171 180
58 167
122 139
79 121
192 145
107 148
171 176
147 142
92 83
168 83
117 25
167 149
45 157
147 89
121 61
71 85
114 67
142 100
184 74
104 127
154 190
170 52
116 101
133 194
64 91
191 83
84 184
94 60
161 89
123 20
73 39
74 109
129 34
96 122
157 148
120 161
159 183
44 164
50 49
93 176
70 184
119 52
45 136
93 102
178 36
200 175
91 181
63 168
137 52
103 191
149 185
168 81
145 21
69 68
136 114
100 178
148 21
177 146
55 156
155 68
145 69
90 179
199 132
94 141
192 138
150 130
123 178
171 58
95 168
102 139
97 96
89 77
152 159
85 25
153 180
62 164
61 104
105 60
71 66
141 76
41 200
118 181
100 67
50 26
159 65
119 137
74 193
162 55
139 187
183 152
73 39
138 175
199 166
47 72
82 59
46 144
42 57
169 127
50 139
77 108
135 167
127 172
155 166
176 72
107 68
115 128
158 60
74 52
45 186
137 120
63 166
128 34
103 166
103 176
103 108
98 135
86 129
66 123
197 62
191 151
90 197
127 39
142 146
148 42
191 172
97 180
61 26
61 31
125 146
104 66
145 121
162 66
108 163
84 191
95 120
67 47
87 80
136 78
160 126
184 109
112 86
49 134
138 74
107 77
79 47
105 139
122 77
157 150
79 61
157 50
137 133
117 193
42 95
136 95
105 76
97 69
188 182
81 140
123 163
50 20
78 21
45 74
125 45
84 170
118 164
157 58
46 136
186 164
172 75
45 188
123 155
68 60
123 198
194 129
67 36
73 189
46 123
174 20
181 111
144 108
135 173
61 171
99 21
56 125
160 123
67 173
87 83
149 59
48 145
164 126
181 88
110 152
181 167
72 128
107 65
167 199
64 112
178 142
163 21
165 82
141 187
95 130
87 127
136 171
55 82
151 48
71 133
101 114
47 175
88 108
78 108
42 156
71 139
57 192
161 176
170 126
148 98
181 188
111 107
66 82
171 42
65 48
114 76
42 67
75 76
129 143
108 115
80 191
176 134
116 48
63 74
43 197
45 93
77 67
66 35
40 101
158 61
104 157
121 145
153 112
40 64
120 162
43 23
42 57
172 120
152 173
49 83
51 161
131 164
88 35
127 97
175 77
124 95
56 177
71 168
134 86
98 75
95 97
63 63
46 31
99 38
191 147
173 79
44 21
68 63
130 35
157 113
196 47
57 94
181 147
94 52
145 116
95 179
81 151
123 158
177 157
143 200
88 104
79 22
134 167
200 119
163 33
176 68
197 63
183 80
46 65
45 124
106 86
59 143
200 51
110 88
171 195
161 23
188 179
107 120
158 124
126 21
126 163
55 94
92 116
48 116
196 111
84 100
78 71
116 70
58 132
168 23
43 166
179 111
56 79
156 108
130 61
153 191
42 45
165 70
186 122
78 95
173 135
147 163
188 100
83 137
88 28
58 187
57 170
46 123
54 106
97 192
199 103
69 88
175 37
127 157
148 55
97 194
118 176
94 177
61 23
89 137
73 82
70 188
123 63
55 146
172 94
53 51
47 162
64 143
176 27
63 154
184 56
190 195
161 33
56 152
136 23
98 152
109 112
118 125
51 184
149 181
85 188
73 147
55 112
85 101
81 39
106 92
68 180
123 89
91 187
184 34
153 167
161 39
50 35
130 120
93 190
83 21
155 68
40 87
144 121
76 58
77 20
50 77
180 52
167 159
127 20
87 50
168 139
186 40
148 114
48 192
162 37
54 100
142 40
55 103
126 62
151 153
165 39
145 20
58 150
128 130
75 85
99 121
155 62
68 88
64 125
42 47
199 60
145 37
52 144
79 167
64 113
150 39
99 113
196 199
97 100
186 144
41 72
178 198
194 193
77 24
185 77
167 168
158 134
76 24
196 157
175 73
164 184
81 66
182 130
188 183
198 152
136 77
147 146
97 136
59 109
158 47
68 66
91 65
167 105
162 132
168 134
48 44
120 93
54 148
141 118
153 55
62 84
180 22
45 193
131 126
59 93
197 185
66 67
175 198
103 115
88 139
94 187
137 135
63 97
182 127
112 155
125 39
50 193
185 131
105 200
197 176
104 170
134 187
152 161
140 62
53 91
108 133
88 28
87 184
120 95
87 162
178 78
189 57
107 87
137 94
146 24
173 46
64 188
184 21
148 146
52 85
69 152
183 62
173 143
70 71
61 83
133 197
153 79
167 142
165 118
127 184
152 169
53 74
173 31
108 138
81 121
65 170
120 85
183 68
146 52
65 26
64 95
64 169
194 59
134 52
79 51
134 81
169 97
168 21
165 158
85 168
114 191
194 172
42 127
126 109
92 124
157 62
76 83
53 24
73 67
99 160
159 92
114 136
174 181
120 35
104 101
178 131
150 171
147 79
153 54
43 78
105 157
181 179
153 36
179 151
165 40
114 47
189 175
187 136
199 62
104 180
40 160
42 76
90 126
94 156
169 198
193 63
146 151
188 74
90 29
173 94
195 183
140 116
158 100
158 95
40 113
120 162
192 90
166 127
150 28
130 151
199 200
59 69
117 80
108 106
185 24
119 92
97 73
127 174
118 117
132 170
102 104
169 161
139 33
69 177
59 82
184 113
91 144
109 174
57 180
163 22
198 171
180 124
153 122
43 101
156 107
96 21
174 99
199 177
100 31
166 69
104 189
171 63
60 161
193 45
107 28
101 161
53 47
60 187
101 110
90 112
190 60
195 153
80 114
155 66
200 182
199 62
142 38
98 109
127 183
69 116
61 105
162 33
191 153
168 64
163 91
184 54
89 77
196 93
72 179
177 174
160 101
110 169
93 78
200 173
102 115
150 114
45 108
125 106
84 150
69 72
199 57
123 87
183 87
95 58
58 169
199 156
99 165
170 154
116 81
129 163
175 41
64 41
194 60
122 55
155 77
41 153
90 192
69 41
51 169
194 33
117 194
130 80
52 146
93 75
52 42
100 111
182 39
54 156
69 199
95 25
176 65
67 83
198 64
170 129
58 112
103 194
64 110
170 29
185 98
147 37
62 181
101 56
158 45
168 118
149 52
97 24
54 170
173 169
104 106
139 145
63 53
165 192
111 142
63 190
158 132
150 165
170 142
82 198
78 128
126 86
199 24
172 43
40 70
149 42
71 60
44 59
45 64
129 53
167 117
104 139
144 193
182 183
92 167
165 29
132 92
141 93
130 43
136 63
132 126
42 174
193 76
97 159
178 34
191 30
49 131
75 133
138 114
167 71
85 153
77 161
54 37
169 36
51 118
148 46
139 159
59 83
196 62
74 32
81 34
121 146
108 40
180 87
73 99
169 65
55 52
64 66
78 116
177 169
169 146
117 176
200 97
75 124
72 92
197 127
45 140
74 146
143 99
153 153
47 192
140 188
106 105
142 105
160 127
110 57
85 33
142 87
98 200
128 42
118 30
44 130
136 53
120 160
161 153
56 63
84 80
130 80
53 87
83 73
95 171
99 113
104 126
115 147
158 106
93 52
64 45
53 139
189 46
160 86
175 71
107 94
52 171
191 180
103 159
177 55
178 122
163 113
183 159
81 176
171 144
118 171
181 155
200 58
124 80
199 117
179 119
178 162
52 132
81 99
49 168
177 149
85 62
106 35
112 139
113 44
125 169
47 128
88 159
66 138
43 185
77 36
73 114
116 189
92 69
87 124
103 121
41 169
73 197
74 119
121 134
75 24
179 36
164 117
191 199
152 120
115 40
65 100
96 107
89 163
115 62
91 168
98 23
42 56
78 31
126 68
121 185
171 104
146 114
173 92
136 176
127 140
87 107
195 185
85 25
175 47
47 158
136 107
120 187
58 123
162 67
128 96
184 169
120 179
149 84
148 29
76 193
160 123
198 95
184 170
94 96
52 119
197 167
130 188
56 125
126 33
73 149
68 183
80 171
163 75
79 106
44 166
167 169
173 45
134 142
55 183
188 113
69 118
107 108
142 113
80 54
43 115
140 132
54 133
112 121
196 81
120 77
119 147
127 69
54 36
180 163
189 76
181 200
196 37
95 190
127 118
147 37
150 68
134 176
47 193
47 42
170 188
133 32
193 174
74 93
67 154
180 137
62 188
190 108
122 195
85 107
78 33
187 65
117 85
107 69
58 46
199 123
149 171
124 41
120 153
143 41
134 46
192 45
107 104
193 58
65 73
93 134
93 59
106 39
196 193
126 146
198 118
125 121
128 43
183 102
59 88
174 62
196 180
147 121
48 59
198 24
91 54
109 80
160 36
82 87
42 43
84 43
181 161
145 138
135 80
73 173
188 187
57 39
65 113
72 37
103 158
116 53
135 49
94 192
122 30
156 51
150 148
102 115
74 102
145 103
182 171
59 183
89 116
153 152
169 52
46 165
166 79
147 34
166 124
184 49
42 142
162 96
189 148
67 175
74 138
200 33
80 150
94 160
171 131
161 183
57 124
53 72
118 73
147 40
179 147
85 176
185 194
182 83
104 49
189 155
82 54
117 81
70 136
197 195
186 83
200 121
130 139
131 110
121 176
164 139
70 125
71 41
42 170
188 22
142 60
123 107
87 193
130 153
189 64
95 194
58 193
123 148
81 140
111 134
73 176
184 42
56 51
160 99
68 25
171 162
198 128
177 196
148 35
93 145
123 82
144 106
54 171
72 47
151 182
178 138
75 165
181 122
120 139
117 120
146 193
50 135
97 125
60 61
178 177
45 51
123 48
165 41
162 158
49 23
108 124
95 58
68 199
88 103
184 105
189 100
98 102
83 27
111 157
198 48
133 198
69 180
66 150
172 115
57 71
82 75
48 101
175 157
53 102
68 120
88 21
72 96
91 108
184 199
97 90
88 174
51 196
160 104
143 87
185 33
104 31
159 114
117 162
46 153
75 87
149 187
160 83
73 168
168 97
156 139
108 65
156 181
114 176
71 26
41 93
130 72
40 127
56 124
175 156
56 29
178 171
51 92
41 36
58 128
155 137
143 65
108 88
158 51
97 166
112 137
65 57
148 49
138 82
188 180
188 159
60 143
156 172
135 121
188 162
164 138
177 85
128 199
40 110
88 151
53 56
125 188
157 187
165 136
114 141
89 127
132 150
152 128
104 154
48 179
43 75
134 97
153 182
65 199
79 139
51 66
189 140
112 155
79 127
172 142
46 197
196 129
182 110
105 56
97 159
54 38
184 53
111 103
160 68
81 197
50 169
158 120
194 100
118 116
54 135
78 44
43 71
95 199
142 101
188 58
188 149
129 119
138 172
72 81
143 44
41 64
65 64
191 34
170 198
197 87
173 105
72 55
104 151
176 136
184 103
159 72
58 176
127 80
54 96
64 57
112 72
151 181
96 77
69 78
195 139
194 27
115 31
171 131
51 188
147 81
139 55
180 156
138 136
120 29
133 120
182 80
181 167
164 170
147 71
56 149
55 38
170 200
162 126
114 40
41 104
123 108
135 39
192 163
131 178
148 104
146 196
191 105
165 49
58 143
71 117
147 189
130 62
111 37
43 158
160 81
74 197
121 76
180 22
63 190
129 194
130 100
154 26
107 64
133 35
105 87
45 80
100 28
74 73
131 99
59 63
59 143
113 74
148 149
173 179
176 197
175 139
119 119
187 108
158 134
48 119
71 131
88 165
143 87
74 26
137 52
152 164
83 74
194 64
91 171
90 107
136 199
108 128
134 109
119 139
198 165
51 169
130 55
49 29
106 171
125 98
117 65
134 48
124 167
142 31
99 26
152 112
47 199
148 141
152 23
117 91
126 188
138 29
178 78
52 109
171 153
119 155
136 62
58 49
99 177
179 46
181 62
101 40
143 81
40 74
174 171
77 37
194 188
148 186
128 74
180 111
108 116
119 147
162 129
171 94
131 72
100 89
74 139
97 104
199 115
146 45
49 149
73 116
95 199
102 33
100 173
118 195
51 76
145 26
134 196
177 28
127 86
133 192
156 162
170 172
56 123
133 194
131 110
137 197
137 151
178 156
112 90
56 164
77 34
77 94
85 47
51 78
112 126
75 194
118 171
150 163
194 103
114 181
143 96
156 176
80 104
63 192
60 96
125 184
138 29
57 40
45 135
134 192
181 96
156 86
141 80
95 197
100 68
166 23
149 119
92 81
172 101
143 132
162 158
100 194
97 194
135 157
96 194
129 158
151 120
118 115
196 95
116 180
142 52
193 175
104 138
93 183
135 90
90 133
65 84
139 136
62 37
60 169
154 59
168 149
108 137
200 37
147 76
165 177
86 123
50 196
72 160
146 90
103 27
45 200
162 130
186 184
115 27
177 188
95 143
70 180
135 54
49 184
151 24
196 105
95 191
175 33
69 107
149 195
60 81
46 167
91 48
130 110
197 129
149 148
64 182
67 56
197 174
83 43
55 51
176 194
92 156
71 158
48 90
193 83
64 45
50 132
98 100
97 200
104 167
73 21
132 35
180 22
108 170
170 106
155 183
145 59
81 120
68 30
116 182
48 164
66 98
68 128
97 129
128 121
61 22
122 170
94 133
40 176
153 99
108 39
105 83
157 150
40 31
148 176
199 72
189 138
178 132
156 143
83 114
85 147
94 184
143 187
68 75
48 192
115 37
112 83
103 95
192 149
96 152
186 97
140 175
88 26
140 74
156 109
85 166
116 99
140 72
47 186
122 120
70 180
111 118
88 187
161 109
140 187
106 125
112 91
83 58
128 197
141 56
189 28
69 63
154 185
189 38
76 199
129 140
184 135
181 187
100 36
116 51
196 43
154 49
99 86
183 40
147 188
75 99
193 118
178 20
194 42
136 193
65 113
200 145
172 66
171 195
167 104
176 108
77 147
113 129
93 90
181 32
45 124
45 162
72 39
122 68
141 175
79 107
90 146
90 104
96 97
77 110
185 183
144 72
49 180
194 54
118 56
45 100
52 21
179 158
159 58
119 173
62 156
191 95
194 89
81 78
66 175
76 170
124 33
109 167
123 107
189 129
104 104
96 75
132 105
152 165
47 90
42 108
191 49
174 93
109 109
104 146
87 85
114 172
76 199
97 22
157 117
63 135
41 20
90 84
171 168
54 38
97 78
128 200
90 137
200 164
106 165
83 134
119 91
61 91
96 116
63 80
132 139
195 104
184 193
78 195
128 183
127 141
49 193
171 173
132 155
100 142
88 52
127 189
170 131
136 183
92 36
197 27
123 98
198 158
84 57
95 24
93 59
147 92
72 177
121 82
170 121
133 69
45 132
86 185
42 182
143 133
118 26
141 31
115 97
123 116
64 106
70 62
157 194
96 186
192 187
97 42
108 132
184 92
91 30
176 64
183 117
165 34
143 24
135 179
153 128
128 193
95 92
94 58
169 113
140 187
141 58
95 45
91 129
41 107
67 103
121 94
148 41
69 74
186 187
83 187
66 122
139 154
49 32
118 179
71 133
200 105
100 193
114 144
155 23
59 115
200 101
148 93
160 159
124 163
172 142
112 113
151 196
121 158
181 55
84 98
160 145
85 167
154 161
40 42
190 46
104 51
119 112
65 30
129 164
199 133
150 130
62 40
138 48
68 98
123 148
163 190
72 105
168 140
137 103
134 83
101 155
78 77
105 166
157 96
67 65
163 110
113 133
137 79
173 30
41 90
139 172
177 89
43 198
130 194
96 47
125 157
191 191
175 82
182 195
192 178
153 129
144 50
134 66
124 137
176 51
198 74
54 73
108 191
103 52
195 124
62 175
152 123
125 28
184 113
85 113
53 84
110 74
65 129
109 132
83 20
138 198
107 149
177 39
124 101
106 191
50 195
82 161
142 193
73 23
167 112
91 120
78 80
181 80
113 142
136 41
47 176
87 171
174 176
167 119
182 116
66 93
117 160
136 113
105 167
87 102
153 34
71 91
190 28
92 64
55 56
47 127
179 93
159 118
109 107
72 187
117 181
150 188
153 47
154 80
66 118
171 117
180 140
80 191
105 198
59 94
160 82
156 179
83 75
196 198
178 199
198 107
128 68
111 153
54 110
166 74
147 125
155 115
198 153
188 42
156 23
46 119
65 192
56 25
184 45
158 152
183 91
73 108
113 60
171 165
118 80
158 34
146 90
