139 139
160 59
171 109
56 93
198 73
194 116
102 158
97 199
104 26
166 50
40 120
68 181
128 138
159 126
85 188
139 133
60 80
177 45
182 159
146 189
72 178
113 139
116 49
44 125
102 199
162 20
136 144
121 55
181 176
61 68
161 31
194 132
171 141
97 85
43 127
192 34
78 75
79 152
45 68
62 69
149 30
55 25
93 128
178 169
103 140
167 31
184 143
49 31
145 44
96 94
196 29
109 138
73 173
104 83
148 58
164 21
89 199
150 66
184 187
162 46
168 165
72 61
155 85
110 71
163 127
86 171
100 73
148 95
155 70
151 156
85 161
173 93
150 78
71 98
143 130
56 59
87 49
137 138
198 84
83 129
93 26
155 40
116 114
158 127
197 166
86 95
179 190
115 138
182 46
139 171
55 65
79 161
108 36
63 94
92 171
136 62
152 180
91 85
104 51
46 30
129 57
86 94
68 71
79 37
69 135
125 58
189 155
132 200
50 84
55 41
171 194
50 79
82 182
120 122
47 47
183 157
105 30
145 176
94 199
153 154
200 121
86 21
51 46
89 169
107 68
101 133
52 166
150 73
40 114
117 104
161 44
57 88
139 126
179 40
127 117
131 24
154 151
97 65
82 178
58 33
188 116
183 72
73 199
80 184
135 132
108 172
62 37
75 199
111 125
136 70
127 30
168 95
61 199
111 66
60 117
76 167
148 140
191 86
157 126
54 183
58 67
57 177
200 62
125 119
71 125
92 108
155 167
58 110
73 107
200 131
149 146
78 130
164 133
81 138
125 179
99 140
181 44
188 76
192 80
108 47
50 120
159 48
51 199
171 192
179 142
143 124
193 95
163 125
195 29
48 128
168 179
87 107
122 32
169 75
126 75
169 143
79 61
69 22
70 147
121 20
104 77
183 161
90 66
144 23
45 75
98 172
67 131
178 175
156 58
161 39
183 60
152 168
71 60
96 84
95 110
63 126
112 89
123 41
106 120
167 47
107 32
49 45
144 78
92 138
95 165
61 169
198 32
77 25
65 166
158 78
158 142
193 67
73 20
97 135
195 131
94 35
175 159
144 131
49 67
54 31
196 190
134 181
164 178
77 180
188 63
184 196
130 147
125 175
129 139
117 108
57 158
188 190
128 50
95 185
102 65
188 165
139 37
137 111
124 60
102 157
83 35
196 176
167 37
180 72
94 136
117 50
49 171
170 169
192 198
122 93
183 111
113 72
66 131
175 100
43 197
132 99
47 140
58 162
41 20
83 142
143 130
48 132
66 62
92 85
61 81
86 172
151 161
115 92
174 107
170 196
105 146
79 175
51 162
109 127
68 183
45 35
86 129
40 153
101 125
162 126
176 198
110 47
176 81
188 48
186 68
135 147
104 32
89 159
179 54
164 111
61 169
143 176
162 155
146 112
57 69
120 146
128 94
41 65
80 99
173 161
182 64
175 117
188 68
57 84
113 99
172 170
89 163
174 118
104 114
87 104
196 38
52 61
177 182
77 136
188 44
167 79
120 149
148 39
127 112
168 62
44 151
92 70
169 170
127 170
91 180
93 68
198 122
131 36
94 45
86 123
122 189
115 146
97 117
156 83
74 97
139 158
163 121
128 138
70 82
110 173
159 189
150 173
80 59
92 124
152 55
110 29
121 136
94 134
71 155
176 60
76 135
132 101
112 84
52 189
51 137
103 197
169 145
200 97
50 113
193 73
109 22
191 147
140 160
91 184
172 116
167 43
145 92
167 29
105 167
123 52
58 108
198 191
149 193
116 142
159 122
81 132
52 200
187 193
158 93
131 91
169 98
73 162
187 83
121 146
76 195
138 96
183 74
40 181
129 38
186 104
123 186
146 146
95 33
154 109
156 25
144 121
51 153
85 175
134 126
81 45
95 185
116 22
76 72
97 138
41 186
148 22
121 51
107 59
178 173
140 164
138 39
62 182
131 105
159 190
187 124
137 127
199 21
196 140
46 187
51 200
79 173
133 133
149 90
148 181
133 95
191 122
95 160
131 47
166 140
124 79
85 144
175 180
41 155
68 93
89 106
171 123
73 110
168 165
86 91
88 174
188 46
101 186
158 141
124 55
78 43
128 43
72 35
116 197
54 24
193 44
74 183
76 65
181 117
91 114
122 85
73 200
196 62
133 93
105 197
126 110
147 104
105 140
92 60
62 126
196 75
170 25
55 85
116 39
96 38
91 200
93 167
148 129
114 37
67 187
135 164
139 190
153 143
175 22
123 67
121 164
91 84
140 40
179 136
117 94
53 42
175 39
88 171
72 167
110 84
44 111
110 48
124 39
43 188
86 195
91 143
148 173
158 63
116 133
137 70
128 53
154 92
185 156
183 55
44 56
89 134
167 120
93 27
76 50
124 199
86 100
61 21
151 158
55 97
139 66
187 129
83 26
130 165
109 145
114 42
140 77
175 193
108 68
93 150
184 142
174 128
56 168
52 41
145 27
72 148
86 49
107 101
80 180
125 20
98 156
129 109
198 136
91 72
175 100
118 105
135 150
175 39
88 51
194 117
90 135
77 122
149 24
95 36
75 131
112 193
142 90
183 111
68 22
82 176
118 137
41 135
78 163
109 147
67 61
52 144
77 172
140 158
195 163
166 174
92 57
114 198
43 138
145 102
119 173
102 167
113 148
181 95
166 33
178 179
40 59
172 194
46 65
130 136
139 59
132 24
162 199
194 132
196 119
174 173
66 56
107 96
42 34
186 131
92 113
114 82
81 21
89 153
114 41
47 156
90 124
96 94
80 112
190 102
59 155
162 143
91 173
199 87
61 100
68 75
178 112
96 101
186 148
67 21
124 106
129 149
67 78
159 148
122 173
196 116
147 85
41 73
66 120
64 44
152 160
58 150
105 109
62 47
131 119
187 59
175 189
182 140
130 175
98 29
157 154
43 45
189 190
55 85
58 189
185 126
107 78
112 35
98 185
164 115
154 173
45 60
177 110
43 148
66 25
190 88
156 169
45 59
123 26
152 157
150 181
156 99
141 65
142 190
139 71
87 152
147 164
140 170
91 139
94 25
101 123
182 96
44 150
179 105
164 54
90 31
113 58
131 186
136 90
184 58
90 23
127 101
77 60
200 183
50 72
178 164
124 134
170 180
159 134
53 125
194 174
112 58
65 127
199 95
66 113
172 125
147 155
154 96
58 106
119 119
95 130
157 179
144 189
128 95
73 69
75 144
127 115
109 83
140 81
115 64
186 176
61 174
115 114
77 73
141 70
65 39
197 177
175 56
82 125
186 46
76 161
47 59
123 50
97 189
157 29
135 82
186 38
48 143
152 61
114 46
63 20
194 22
82 112
191 170
169 90
72 160
109 134
88 65
163 195
165 197
112 200
133 123
193 73
54 29
97 177
48 61
141 147
84 173
140 65
86 131
169 25
129 133
130 94
154 66
181 129
154 148
117 99
148 36
107 142
54 27
148 85
186 55
177 193
68 168
187 165
100 157
85 84
74 169
84 127
68 169
124 155
159 165
138 85
99 61
144 24
177 41
188 35
105 35
179 99
154 139
119 74
172 109
194 46
110 68
188 81
193 86
195 22
49 77
41 144
194 93
68 47
116 168
72 86
97 175
130 142
150 141
51 117
81 90
40 66
169 116
61 155
135 146
137 21
160 137
171 157
154 43
194 150
90 173
177 185
194 64
102 45
170 132
128 37
138 27
170 188
83 28
124 142
184 55
48 164
49 73
90 65
187 136
159 117
71 153
165 145
198 171
139 192
47 171
188 141
72 30
91 123
66 161
151 52
41 87
142 184
164 117
95 87
110 110
114 173
147 193
144 114
120 145
50 191
180 38
160 101
117 141
80 188
43 73
89 76
170 65
135 59
114 53
101 101
107 31
48 138
74 155
73 160
119 192
138 86
197 178
61 22
81 47
136 61
149 106
184 193
193 69
136 151
120 180
175 64
100 175
66 59
198 81
68 57
53 135
157 200
84 75
129 76
166 192
125 120
155 173
164 99
58 164
176 73
151 40
81 92
107 128
196 98
172 54
55 82
91 180
99 91
101 147
67 107
120 138
193 172
164 157
79 127
171 197
160 159
55 58
69 44
101 164
160 132
165 167
121 134
153 39
176 162
189 127
41 30
118 106
193 121
57 84
199 108
82 164
99 141
85 188
53 92
53 174
107 156
59 186
125 195
96 186
157 82
148 99
82 200
41 134
110 57
166 77
91 97
106 180
58 93
122 126
100 186
177 23
181 50
160 56
92 138
200 51
159 104
103 117
63 53
133 147
103 145
200 143
173 40
167 114
61 116
98 159
198 38
76 192
191 174
153 58
101 34
138 31
134 194
149 24
184 49
153 59
70 52
89 51
63 175
65 153
104 191
102 30
67 194
59 190
78 179
100 33
127 97
118 116
44 43
184 191
89 182
74 183
158 111
200 151
124 73
83 175
48 151
169 47
79 193
124 26
184 66
56 174
72 65
59 142
162 25
93 126
113 85
121 140
113 93
96 157
82 95
160 91
71 88
77 163
114 140
101 46
79 108
140 175
98 169
167 144
155 71
189 150
110 175
133 99
54 79
65 130
115 130
120 111
128 24
183 157
176 197
113 111
161 141
81 162
184 131
110 171
63 176
75 149
72 60
168 68
194 183
174 86
156 135
97 179
69 25
143 91
70 36
94 108
72 82
179 168
83 161
49 56
103 135
115 131
104 41
178 50
71 60
147 53
147 164
107 157
123 81
44 195
95 85
51 80
41 25
49 58
110 161
49 166
42 132
41 195
177 153
74 152
60 118
176 91
57 25
191 112
109 153
173 163
123 180
67 141
106 151
192 119
200 88
64 75
55 74
144 56
102 126
102 111
112 91
92 125
101 103
115 121
116 142
184 125
166 132
107 74
176 148
49 200
168 174
145 118
176 199
164 120
110 131
157 70
148 174
166 69
43 113
129 122
109 93
61 199
94 126
121 89
159 134
45 90
145 42
72 127
76 197
73 63
189 135
80 43
178 75
193 30
140 76
131 39
84 33
121 62
57 46
137 22
200 85
41 49
186 182
69 32
173 31
72 73
53 89
193 139
101 52
50 57
180 126
64 190
155 141
178 89
74 107
118 159
175 181
97 50
119 134
144 45
51 122
154 97
62 131
101 65
151 170
85 156
68 175
170 143
175 172
84 57
57 22
123 97
101 154
190 155
181 122
168 186
54 197
188 148
57 124
63 102
114 47
164 148
138 195
165 150
179 29
72 129
172 176
124 127
112 188
53 159
86 199
100 183
51 121
148 50
194 127
95 92
174 192
88 30
172 27
113 94
92 104
135 62
173 68
166 55
138 188
185 138
188 76
162 155
49 115
107 40
115 91
184 173
83 67
93 88
113 154
88 110
43 44
140 84
134 123
52 170
109 161
81 28
197 147
194 96
87 31
198 69
168 68
150 76
143 42
87 173
158 103
165 189
79 102
99 96
96 65
190 70
195 82
58 114
199 134
136 63
194 64
68 93
158 34
167 46
96 32
139 108
130 49
184 188
108 88
73 113
180 97
40 170
87 31
43 87
101 109
68 82
44 120
100 196
54 93
67 123
72 70
53 101
160 91
40 135
132 105
40 135
92 120
73 192
123 72
94 61
70 158
74 121
71 113
199 183
113 182
60 134
41 88
75 54
44 163
186 116
196 91
183 98
175 119
174 183
56 125
165 150
190 116
145 126
42 58
185 91
128 34
100 166
157 28
175 170
91 119
177 66
125 99
183 134
150 85
128 48
58 154
77 124
54 143
127 82
122 168
74 134
53 64
149 65
49 119
183 104
158 116
69 160
79 107
144 196
53 163
59 101
84 146
45 84
139 138
163 50
148 172
106 141
188 113
191 159
198 67
166 74
77 111
138 54
166 188
52 126
172 97
120 153
170 187
186 40
135 50
113 112
41 175
75 181
45 97
83 24
69 190
145 145
136 181
154 58
108 123
40 23
177 79
155 28
56 58
134 41
174 41
140 162
168 25
47 47
79 158
79 86
58 37
176 180
133 69
102 198
178 98
58 115
78 197
175 166
52 157
51 82
48 110
71 183
54 126
68 144
164 44
187 39
72 135
58 116
87 87
191 127
192 76
152 105
79 152
40 160
155 108
200 82
106 53
93 117
85 101
143 149
115 63
109 158
103 96
160 44
140 34
47 59
194 71
164 20
84 78
192 90
182 146
191 190
78 187
173 108
46 88
65 72
128 161
200 170
102 166
180 72
105 128
129 137
155 138
170 121
85 176
136 41
67 61
134 105
190 183
52 175
59 165
53 84
169 125
101 140
120 94
66 90
133 61
187 149
96 21
169 150
158 141
93 50
162 83
106 70
98 154
48 113
167 189
107 67
49 115
46 155
73 21
191 55
56 148
108 101
117 61
158 65
163 160
97 136
148 161
76 115
175 117
109 73
72 128
164 167
150 105
136 151
123 51
79 195
182 110
109 128
168 53
99 80
79 121
113 106
124 53
130 103
124 93
161 155
105 76
78 170
103 116
77 34
45 53
142 151
129 148
88 176
158 27
113 39
167 115
55 102
90 41
196 72
127 152
179 31
200 43
91 76
181 27
185 112
135 133
46 196
50 75
191 26
159 25
177 194
45 154
170 175
194 21
158 115
112 161
200 189
186 45
129 112
178 130
169 184
63 104
69 113
159 77
129 193
93 158
191 69
70 176
80 23
113 151
142 114
200 133
135 152
168 53
104 81
45 178
196 147
58 32
164 111
54 102
94 55
74 165
97 83
122 145
94 187
190 174
66 136
79 102
152 82
185 138
84 160
137 84
53 20
58 104
45 67
93 100
153 144
126 157
52 66
41 45
42 73
59 153
104 144
43 197
172 162
146 31
90 156
49 24
45 53
87 141
160 183
194 106
163 136
195 101
151 147
130 84
144 172
80 108
132 31
124 116
92 173
92 38
55 55
90 68
150 61
139 82
144 108
117 119
178 146
49 140
153 73
100 35
141 94
115 112
181 151
171 180
99 161
149 89
159 56
96 197
89 41
196 191
197 108
133 82
150 106
102 55
118 169
83 75
61 73
47 143
127 74
175 143
77 133
173 100
137 49
158 75
196 132
87 183
117 170
116 165
109 153
78 30
43 175
89 48
43 76
106 34
51 154
109 149
89 150
100 88
68 28
51 109
145 135
174 27
149 48
190 51
158 55
68 37
77 20
83 150
114 112
177 177
131 47
166 151
94 150
65 25
81 87
182 200
196 78
191 130
177 84
87 168
54 45
75 173
169 54
113 48
62 88
85 91
134 86
163 123
190 143
116 117
149 130
185 124
109 63
197 39
65 188
42 132
161 190
110 197
62 143
57 130
64 101
139 38
190 198
92 71
186 106
144 82
90 64
162 137
106 96
118 134
152 107
171 186
173 93
110 30
100 73
117 114
101 110
182 55
70 186
70 43
192 64
97 119
73 172
63 73
90 181
87 84
140 94
173 146
134 54
48 182
167 115
145 151
96 165
155 140
73 35
123 178
83 115
65 127
88 122
128 197
62 49
142 34
97 200
40 161
182 71
126 56
177 108
144 149
62 171
142 179
160 129
54 73
90 177
89 123
192 36
103 122
66 35
74 33
54 38
190 43
82 183
170 34
76 99
188 199
171 56
126 116
132 68
161 52
88 72
146 169
148 36
177 188
178 105
135 48
194 44
114 177
63 90
108 158
144 169
160 179
85 76
146 118
89 200
77 57
43 79
170 132
167 197
42 103
149 54
139 172
91 181
108 113
121 29
167 116
59 93
165 193
122 105
84 59
162 47
159 67
174 121
130 125
114 123
140 123
47 137
180 52
122 196
89 138
138 43
188 21
52 181
159 32
88 106
78 108
194 119
160 130
108 80
68 40
90 53
195 28
178 62
87 194
143 33
51 145
53 155
190 179
42 81
151 135
120 69
57 129
199 144
164 158
40 88
123 198
189 25
42 58
85 80
127 165
177 92
106 138
156 181
104 195
181 200
47 102
158 113
163 154
167 88
175 187
76 25
117 117
40 70
147 71
155 69
138 92
80 189
198 162
196 104
79 127
103 95
82 95
111 136
164 21
41 120
137 30
83 85
72 78
159 131
102 163
197 102
69 152
161 130
81 141
173 133
58 170
106 83
133 168
76 175
173 177
148 43
192 44
178 104
118 105
53 28
96 119
150 113
52 176
160 194
145 73
192 188
173 138
57 33
97 25
179 142
163 43
63 135
55 190
93 81
87 192
194 41
109 187
171 44
139 25
118 24
130 94
45 189
47 137
84 167
61 171
92 145
146 86
174 53
171 118
106 88
159 64
112 47
190 106
129 32
98 125
131 52
138 156
116 78
68 32
122 191
162 165
135 72
111 58
62 163
70 112
186 169
183 184
197 25
147 148
94 127
200 78
96 192
189 26
160 140
195 164
42 140
63 145
194 119
93 118
69 123
106 62
141 88
144 122
158 143
172 179
53 159
132 118
143 99
200 27
145 42
194 45
135 115
140 142
96 81
70 42
157 142
135 133
135 194
190 149
182 135
170 104
120 148
98 188
99 22
105 141
110 70
53 69
143 175
113 106
167 170
176 149
46 182
105 66
72 110
84 79
130 53
56 44
125 27
154 77
64 185
174 120
185 79
162 21
105 125
72 153
162 197
195 118
108 155
178 189
82 32
87 192
181 54
137 161
118 143
198 35
103 76
104 90
171 74
153 187
77 169
40 30
92 114
177 173
112 162
176 91
62 160
159 194
193 197
147 26
182 62
105 70
161 22
174 48
178 86
197 65
96 65
137 154
139 72
175 90
92 190
144 145
192 176
130 57
70 180
94 61
63 171
76 137
114 41
56 152
65 158
75 141
146 127
104 153
64 43
140 76
147 164
159 84
164 57
86 122
200 157
179 168
172 123
163 164
98 40
86 98
148 73
65 104
105 83
96 53
60 187
159 85
138 192
180 26
137 192
115 89
135 38
73 77
178 147
58 199
185 108
155 30
137 108
161 148
101 172
156 110
180 80
167 160
145 78
146 165
156 31
56 119
96 142
125 180
70 55
166 154
124 176
130 88
114 151
90 150
59 85
45 20
186 82
161 54
186 112
119 87
154 79
109 92
54 146
50 139
68 110
137 87
125 167
46 178
133 136
127 103
132 116
78 39
125 158
143 86
144 184
165 166
183 156
83 175
120 182
40 131
174 131
124 30
57 130
42 189
57 154
133 32
89 81
106 147
144 176
185 182
87 55
40 54
100 79
56 162
119 94
193 57
121 70
168 27
102 187
162 26
135 155
145 133
170 51
180 34
50 122
63 140
48 169
145 194
129 75
77 88
55 37
141 32
130 123
63 133
126 108
189 98
122 192
68 35
50 122
147 80
164 90
128 43
68 78
88 131
50 61
104 200
123 136
82 60
125 187
96 59
181 143
102 148
122 145
189 92
144 195
83 157
52 74
73 116
99 34
185 111
59 70
130 64
102 71
145 67
139 60
62 143
89 141
107 166
190 189
139 162
185 85
97 130
169 178
174 174
58 79
96 146
198 149
84 91
57 62
78 170
50 77
111 167
45 127
200 193
51 57
60 88
110 23
86 152
181 154
79 189
77 116
70 80
143 57
169 31
146 36
55 126
187 171
46 115
177 113
176 126
135 96
93 27
101 126
126 124
196 97
99 87
181 141
162 186
116 147
63 74
195 70
177 163
163 51
144 199
106 97
69 136
130 41
106 22
56 82
111 25
83 77
77 52
67 63
107 34
72 61
103 195
149 129
171 182
74 68
107 92
74 42
178 142
193 48
71 105
169 170
171 154
131 134
40 124
57 85
104 170
97 70
87 29
164 49
84 164
187 128
95 37
79 143
68 55
113 187
40 38
108 139
96 40
43 197
116 55
48 133
82 60
96 175
40 193
54 58
99 176
149 22
52 49
147 194
132 94
106 67
130 64
150 61
188 82
121 138
155 125
87 126
144 23
78 95
142 118
106 31
168 22
71 177
145 123
57 176
155 87
106 40
168 89
128 182
128 124
92 30
161 160
65 142
188 89
82 103
114 34
135 48
77 157
136 151
137 165
197 109
171 182
92 125
104 187
193 84
86 98
49 173
121 88
83 37
113 189
43 183
180 172
78 53
88 135
82 40
116 130
129 78
121 171
108 94
87 88
92 132
122 174
142 104
199 36
98 176
81 178
89 119
185 36
97 34
114 48
58 40
58 199
74 21
200 197
60 200
157 116
89 145
119 126
142 41
91 178
56 121
98 54
157 164
185 177
88 131
82 52
71 81
50 200
118 145
56 120
85 156
48 191
171 48
86 134
63 33
117 119
60 143
175 149
144 151
93 28
97 37
129 53
134 25
137 42
62 49
90 149
148 180
57 157
139 31
134 148
61 154
75 104
97 148
193 55
101 39
78 185
144 95
44 164
78 50
45 145
138 193
168 81
84 41
99 43
56 187
131 115
96 159
66 44
44 23
110 192
104 32
146 29
122 183
81 115
107 126
131 192
131 166
123 49
149 52
129 100
88 89
166 146
83 126
64 122
109 26
152 63
174 68
168 100
149 113
100 111
136 102
59 33
79 23
79 82
137 96
103 24
84 34
145 28
133 32
77 123
168 69
40 171
179 160
166 66
150 149
176 183
70 26
74 142
131 141
104 24
54 190
157 110
130 188
40 85
166 172
200 95
175 56
80 160
64 144
68 66
164 42
112 34
68 152
91 57
154 100
142 151
133 30
53 38
200 75
130 125
188 101
117 117
152 37
126 184
79 60
61 190
94 184
106 169
62 25
57 76
151 162
117 46
122 130
122 39
147 181
157 118
70 123
42 63
53 177
172 92
177 69
173 171
88 45
88 188
110 149
52 85
150 68
107 188
119 192
53 35
155 69
147 118
187 131
199 137
183 161
192 58
76 54
150 108
123 52
192 110
194 27
112 136
108 155
181 64
100 159
172 167
47 80
200 117
185 70
89 40
163 197
47 84
111 38
138 29
47 148
79 120
123 147
139 104
96 153
140 101
150 115
47 76
152 26
175 184
67 154
136 52
86 27
87 172
85 198
200 32
167 92
154 100
145 139
64 154
155 67
170 132
130 41
72 74
191 31
194 80
103 30
178 62
191 165
51 158
105 160
136 124
134 60
187 77
197 107
177 133
95 100
192 84
96 180
69 102
152 168
132 181
126 85
93 193
67 113
88 170
72 175
126 58
195 80
40 138
42 197
55 86
199 123
138 146
68 154
102 41
60 49
104 87
130 120
92 103
154 154
49 184
137 39
69 36
131 41
144 93
162 176
148 185
74 182
135 82
133 41
119 114
137 144
179 73
60 52
155 114
170 141
148 112
172 21
200 35
126 163
95 102
81 85
113 40
157 184
91 78
147 103
103 73
158 187
84 50
173 59
160 104
109 149
88 106
96 110
173 23
48 50
184 124
98 136
139 30
60 74
169 147
200 91
59 170
159 73
105 109
145 107
109 64
47 25
123 169
200 44
46 198
169 156
143 34
194 62
192 131
172 121
163 165
190 150
200 127
68 198
109 69
54 54
82 77
80 76
136 161
119 197
91 85
148 44
65 90
144 126
153 170
182 75
106 144
166 64
128 155
64 147
165 142
51 115
92 174
55 82
59 47
162 89
174 108
139 151
113 34
92 38
98 124
89 58
77 125
144 127
124 75
80 76
83 50
56 79
77 91
65 130
162 155
146 116
82 21
68 177
169 172
152 183
58 112
182 95
145 78
194 57
171 44
189 106
168 92
111 139
128 199
199 156
58 28
45 200
103 122
62 23
134 121
83 60
58 81
82 30
148 111
112 21
157 149
45 125
162 179
109 107
181 27
84 136
131 134
119 93
59 145
141 179
131 63
90 185
145 48
129 133
171 134
150 85
81 107
136 131
163 170
197 192
106 156
151 178
118 155
102 30
195 166
197 99
144 190
70 80
62 155
195 145
69 71
49 46
167 21
133 145
54 23
72 102
185 112
134 98
199 95
148 49
124 145
115 156
125 120
96 155
110 83
114 162
125 193
81 95
91 162
131 158
57 81
140 134
135 83
132 138
122 31
87 153
40 97
175 43
185 32
139 86
68 177
122 40
59 113
62 49
189 27
103 123
88 151
128 40
162 47
175 58
180 175
107 148
64 112
96 83
51 168
166 115
120 124
123 82
136 75
124 127
62 117
82 93
177 191
61 118
120 51
114 74
84 53
178 78
91 32
176 93
80 190
194 90
161 165
142 99
68 55
125 27
72 137
68 199
95 112
112 43
140 110
48 149
158 77
159 185
78 157
102 60
166 37
174 20
78 174
189 191
109 194
117 40
200 127
87 46
45 192
166 87
75 199
110 54
146 142
110 118
158 122
116 90
132 99
193 99
104 160
157 194
103 175
151 144
49 124
184 73
123 47
143 84
52 54
118 71
141 165
151 69
175 103
136 129
65 32
86 100
57 119
94 89
87 175
51 39
184 49
73 21
99 191
77 26
82 185
190 20
114 44
85 21
122 160
41 41
45 22
63 75
111 132
131 38
177 37
116 97
93 87
101 132
160 167
188 31
42 98
153 44
131 45
118 144
118 161
156 86
120 168
85 78
55 73
198 24
51 61
169 28
72 24
146 68
197 112
92 69
167 139
75 123
82 74
197 56
193 180
109 184
72 43
74 98
153 69
155 31
124 27
116 40
128 127
149 45
108 194
110 196
141 159
155 115
83 196
110 97
116 183
108 149
192 108
78 108
180 117
64 28
51 150
72 59
61 128
100 26
64 200
193 48
144 74
160 54
124 90
74 55
55 88
56 122
175 197
68 40
141 85
129 38
145 190
49 142
124 57
73 188
108 60
193 110
116 51
75 99
96 76
157 157
47 63
81 98
70 35
147 179
100 186
137 197
132 42
150 116
147 108
98 123
61 200
173 117
57 77
99 33
73 53
67 193
76 28
84 157
132 78
192 157
42 102
71 80
195 107
65 133
57 174
199 43
49 105
164 134
165 149
103 75
157 182
154 23
162 48
75 145
67 135
138 38
60 103
149 143
185 79
112 124
58 190
96 38
120 172
190 102
149 114
115 49
84 106
111 128
198 84
48 90
93 163
152 28
80 55
94 136
73 41
129 165
173 139
149 158
169 47
146 67
62 55
79 58
95 113
89 54
155 81
95 102
53 43
92 164
191 169
146 138
85 197
165 47
150 90
144 76
132 48
176 200
90 99
179 108
67 187
200 196
41 112
130 79
103 59
200 79
96 54
100 102
105 89
69 128
66 152
140 167
80 44
184 155
151 194
128 180
169 179
193 130
92 72
118 58
128 183
108 35
112 20
118 43
67 65
82 110
162 194
159 137
133 95
142 132
194 66
173 67
160 59
187 40
191 92
120 33
116 68
78 102
100 107
72 102
65 26
138 40
147 174
41 122
47 60
100 160
140 116
58 46
78 144
63 40
101 124
57 164
71 37
171 188
172 170
42 157
161 132
92 113
42 187
48 67
108 169
47 44
194 25
104 88
85 70
59 95
192 112
114 200
120 96
71 137
96 139
166 166
75 77
52 131
165 68
146 146
131 188
159 184
77 96
161 104
171 98
176 113
171 62
172 34
65 49
121 130
64 48
78 50
100 180
44 32
131 77
192 167
184 105
73 26
199 33
62 135
182 154
118 48
111 28
107 200
163 120
96 174
104 130
76 36
65 110
69 22
130 85
167 59
64 111
106 22
148 74
56 169
131 121
140 130
68 190
112 22
68 93
169 141
75 152
121 181
94 158
51 173
111 80
49 83
123 102
84 174
137 106
74 112
62 148
50 23
54 129
115 143
63 45
72 79
105 133
51 109
182 98
162 194
187 154
119 26
141 51
149 198
45 74
140 195
54 165
52 112
150 155
64 71
105 118
160 105
155 139
105 197
78 54
143 122
189 90
134 198
89 86
125 45
167 24
57 124
40 46
47 154
192 57
149 28
179 165
125 89
175 196
104 106
77 198
44 190
68 175
81 177
75 104
105 152
94 80
132 181
152 97
184 22
64 118
174 174
62 107
116 126
194 49
76 47
97 39
50 162
134 114
200 36
88 133
40 123
178 129
179 60
193 162
63 29
155 131
63 62
162 117
97 46
176 123
48 136
178 27
127 36
42 62
148 31
65 21
88 55
90 123
49 162
96 158
67 169
160 82
85 46
78 84
187 157
123 174
74 43
43 29
162 109
90 25
158 183
129 39
178 102
125 100
43 74
69 31
59 184
151 185
147 79
79 157
166 91
188 31
124 85
40 126
52 143
190 115
169 26
61 59
162 168
182 84
121 143
177 164
149 142
71 66
69 163
199 112
76 76
98 31
65 20
184 110
86 103
111 157
97 69
58 89
78 82
62 116
82 28
94 75
147 141
61 126
194 62
114 55
63 113
60 37
119 39
61 77
198 141
140 159
65 85
92 86
73 26
72 96
174 117
188 91
122 161
124 79
76 109
147 180
96 139
92 189
193 33
72 156
149 192
188 175
44 138
117 82
57 194
149 178
130 114
71 42
198 92
42 177
104 164
177 94
183 52
187 189
110 124
153 28
73 45
185 51
92 193
89 81
119 142
172 145
75 100
163 176
148 121
92 113
120 132
46 157
170 24
117 81
49 31
87 52
154 66
150 180
135 26
146 166
78 194
143 65
170 155
83 47
59 128
144 86
175 177
173 159
162 33
124 157
68 123
44 173
118 184
162 56
65 61
161 81
193 55
48 138
113 111
115 195
73 128
44 105
187 122
181 79
182 133
44 77
116 84
153 69
148 102
141 51
52 175
133 154
194 102
153 24
63 175
88 143
171 121
86 48
44 144
103 40
159 137
173 111
177 45
188 170
72 172
139 197
161 104
46 51
183 83
176 192
118 77
148 87
170 53
94 44
155 192
160 160
193 25
119 193
106 163
114 23
128 69
97 95
156 30
47 82
128 66
148 88
40 44
200 117
81 25
112 134
162 48
43 72
61 198
84 191
195 67
174 55
122 72
55 112
52 91
200 168
41 56
181 184
181 29
51 81
97 150
177 67
190 139
180 93
123 89
58 197
151 142
71 70
41 152
114 190
45 78
85 89
137 154
134 27
180 193
177 168
48 63
164 63
107 150
149 121
129 91
58 58
193 58
63 115
154 29
94 39
120 130
80 186
124 156
166 112
180 166
58 87
166 39
94 29
48 89
81 169
149 134
42 186
59 47
90 138
67 127
196 69
80 107
133 163
109 56
135 61
46 169
117 161
113 132
57 177
58 29
128 104
100 145
119 181
52 129
129 36
94 105
132 84
176 60
83 32
99 32
78 115
50 69
101 151
150 91
200 47
104 144
152 120
110 62
145 59
49 26
44 140
85 132
51 87
95 60
165 48
99 165
133 191
114 144
173 82
159 98
52 199
50 96
130 131
128 165
48 199
64 144
165 70
59 118
79 45
199 167
155 140
180 112
168 160
77 128
111 170
185 171
148 57
152 183
59 137
112 47
156 37
142 48
84 164
184 104
153 68
162 162
142 44
51 79
126 71
94 177
158 181
62 199
40 79
49 166
72 167
83 171
147 161
52 80
82 55
71 84
41 130
133 98
176 83
170 27
170 178
88 141
137 149
52 124
135 182
100 183
167 198
183 105
103 22
109 26
40 168
47 66
153 25
155 133
90 118
70 79
126 43
122 48
71 42
163 81
147 129
77 60
167 163
124 52
170 74
94 70
159 68
53 153
162 43
114 106
103 80
157 120
93 111
51 166
150 33
151 99
57 86
74 200
171 128
99 70
162 145
122 162
172 140
172 166
102 153
132 197
194 126
40 110
89 24
194 27
132 91
70 185
45 156
101 29
122 185
116 149
61 142
172 24
131 35
113 26
103 64
65 42
146 196
77 170
63 129
177 161
161 147
86 73
128 144
124 133
164 85
145 149
84 107
81 86
145 159
150 75
40 121
137 114
121 46
165 150
64 106
94 36
184 171
172 66
123 110
145 126
81 83
127 97
197 77
128 158
109 198
174 175
70 40
91 81
154 128
171 114
71 75
166 84
111 146
173 143
47 82
115 76
199 35
165 33
150 128
143 131
52 198
40 73
155 112
125 134
135 21
119 112
73 151
116 60
195 57
104 187
67 96
120 188
41 22
95 142
126 119
193 121
143 58
68 188
139 137
174 120
98 131
75 154
159 70
105 89
88 50
97 141
179 100
48 27
170 128
97 64
199 100
110 49
77 158
58 35
48 181
62 28
190 45
170 136
154 50
93 46
154 97
183 100
113 29
133 116
102 53
185 192
53 38
186 82
96 152
129 179
153 66
190 164
171 93
175 91
52 76
125 57
96 107
106 24
52 129
100 151
113 133
136 171
160 175
119 134
173 179
61 164
51 35
190 196
154 71
71 53
180 87
123 28
152 65
67 165
57 80
52 151
198 113
98 166
97 24
116 77
46 174
113 34
169 159
75 143
60 53
72 44
173 173
86 174
105 63
54 58
99 103
139 188
114 38
82 71
99 119
191 156
83 191
176 60
157 133
50 174
144 55
159 50
90 44
86 74
79 182
188 46
56 101
179 100
136 128
114 145
153 124
46 77
147 104
171 158
54 24
171 24
115 68
75 56
160 81
50 105
52 60
49 192
174 71
166 181
139 194
68 176
129 119
89 103
49 80
152 78
40 132
121 147
173 87
111 25
136 153
46 167
193 155
53 39
66 146
142 112
177 121
87 138
187 22
43 200
95 59
163 59
74 61
183 86
168 116
143 178
74 61
111 76
188 135
81 54
102 181
144 69
173 195
172 113
90 115
99 81
125 193
58 32
115 21
197 164
135 77
192 29
141 160
126 161
75 152
69 175
181 44
163 140
153 53
167 39
81 169
105 38
108 101
149 29
163 119
130 200
94 161
117 189
121 34
159 22
79 120
145 194
150 165
192 140
145 86
64 137
189 107
166 96
133 126
138 168
62 41
175 192
84 84
54 138
97 173
65 123
78 132
122 92
148 24
150 176
52 176
133 120
62 167
58 85
130 79
78 37
82 110
137 139
136 170
169 55
132 111
62 34
178 119
46 125
70 148
58 172
64 144
171 198
144 132
159 41
108 92
131 74
49 55
150 78
196 99
150 197
179 81
125 115
127 76
60 119
178 150
192 131
105 79
81 84
44 57
100 186
178 62
191 56
83 36
102 65
101 50
124 162
153 128
195 118
176 35
152 96
163 115
155 157
192 76
112 31
59 44
143 131
144 81
161 71
68 93
120 117
77 52
171 100
172 85
124 178
77 25
144 83
124 27
94 194
125 110
63 156
153 33
178 20
131 64
122 84
113 24
83 79
67 164
192 124
114 178
55 112
98 81
160 113
93 180
169 70
185 129
73 167
80 119
117 86
111 97
124 123
91 129
110 37
142 30
174 153
125 26
101 161
81 79
180 165
127 160
45 66
147 140
44 116
44 178
81 50
85 78
175 66
178 24
63 79
163 68
76 80
73 61
173 108
138 181
185 23
157 130
129 131
108 56
198 136
100 57
197 37
43 191
191 138
59 26
42 65
43 46
64 168
57 198
196 166
181 152
50 87
139 154
130 200
114 21
173 64
53 131
134 149
93 81
64 192
44 179
84 37
135 53
161 43
69 126
100 97
93 72
48 99
155 189
103 166
51 52
50 94
169 79
116 109
172 171
141 75
129 182
61 78
102 100
66 167
73 80
124 185
154 145
45 165
193 63
85 69
166 149
131 177
150 23
62 90
194 49
166 148
106 98
130 89
160 49
190 69
109 198
82 165
107 133
52 193
110 198
198 130
131 104
116 52
178 142
70 105
142 32
64 110
152 158
119 166
189 165
54 181
43 98
62 72
55 87
52 200
123 35
174 110
122 191
52 200
53 116
78 58
52 40
187 65
117 145
161 35
47 157
115 31
78 94
119 122
157 181
143 95
168 132
79 35
100 63
137 86
133 43
168 192
93 185
88 165
54 30
135 34
195 32
73 151
128 77
134 23
138 97
57 121
120 41
58 122
50 44
90 124
123 78
40 88
67 27
158 67
46 191
127 85
99 92
118 132
46 78
84 163
76 96
79 191
107 43
120 101
61 117
195 112
93 39
195 105
167 117
119 127
101 41
159 45
73 49
49 55
132 69
111 117
165 110
144 196
63 145
190 36
187 153
129 107
83 99
94 136
167 116
164 128
123 92
166 174
178 125
190 31
159 107
166 180
192 189
119 129
171 67
147 31
184 72
67 84
81 67
133 139
129 165
172 56
52 73
59 198
130 22
164 140
146 88
69 66
139 65
98 143
81 95
131 121
49 99
195 77
134 59
184 176
82 86
161 24
83 77
151 187
181 109
143 92
120 150
153 159
187 173
98 137
53 30
142 173
165 143
71 155
48 135
115 148
188 21
177 164
172 160
57 93
106 41
62 72
67 193
118 163
140 136
160 96
170 51
61 76
150 193
151 179
94 188
102 79
139 162
57 29
100 181
51 76
170 176
98 37
185 151
56 56
73 63
151 82
198 174
65 88
70 53
169 109
73 197
138 187
156 134
156 194
129 35
102 161
106 139
199 94
104 45
119 137
147 50
92 164
126 189
58 93
86 115
80 178
89 175
79 167
136 90
160 94
64 75
182 179
106 195
147 184
69 105
72 31
42 86
126 66
44 52
48 119
97 53
142 195
154 94
54 186
44 61
76 120
101 179
46 170
156 103
146 150
185 48
143 182
154 176
169 32
53 146
150 182
141 176
94 86
110 177
140 97
129 63
152 86
58 73
61 101
55 133
77 34
126 115
122 121
111 148
181 63
139 76
68 157
107 181
63 144
160 29
66 107
200 40
159 70
195 55
188 56
153 76
178 186
48 57
67 86
164 55
158 65
146 74
155 57
192 188
114 121
188 172
52 61
49 22
159 165
41 161
174 149
127 173
86 199
176 184
69 105
185 148
181 135
55 39
118 123
60 169
148 123
115 126
150 88
105 70
90 159
48 48
163 36
141 106
102 103
194 189
105 92
86 121
141 35
105 109
123 119
96 98
67 31
141 187
112 27
138 84
186 29
75 128
168 118
159 96
76 173
106 37
118 182
190 187
85 59
163 191
150 120
41 192
138 98
80 190
115 64
115 91
80 110
171 32
175 125
121 75
143 43
51 117
44 126
89 31
127 27
115 71
124 63
157 77
48 168
115 156
188 182
56 98
62 109
62 32
160 172
151 93
78 119
50 47
187 183
168 191
121 184
85 132
47 119
99 154
132 52
169 92
47 107
152 200
70 75
66 191
100 160
64 131
45 143
159 100
140 70
153 124
187 52
200 113
89 166
85 44
171 117
80 50
197 107
86 93
65 192
99 148
113 102
73 23
130 58
84 60
58 92
53 119
113 56
42 186
198 44
156 107
169 98
70 93
107 48
86 25
64 164
118 151
179 101
95 158
49 155
47 133
161 139
188 66
47 22
136 34
58 163
189 93
67 169
84 133
144 139
91 86
74 118
133 184
121 177
139 153
68 190
88 166
188 152
64 31
105 25
85 139
162 23
84 40
175 145
95 51
71 186
109 147
197 108
41 78
127 134
142 138
115 171
115 59
195 30
115 124
185 91
129 77
90 167
116 89
126 65
97 114
106 118
48 39
127 29
98 42
70 155
179 184
162 42
56 154
92 154
59 66
180 104
40 122
105 131
154 41
125 31
70 108
177 184
108 24
200 56
40 110
132 179
72 105
156 187
134 118
93 89
99 144
123 165
90 21
58 83
92 24
145 84
95 119
177 41
148 137
83 167
172 146
71 124
103 57
96 35
124 35
141 149
111 158
40 92
106 175
188 23
154 83
81 162
125 37
99 63
164 122
56 176
114 59
170 127
66 180
188 146
40 198
84 86
181 68
135 40
57 83
67 126
65 160
132 158
166 189
180 59
91 137
127 26
120 34
41 125
128 163
111 75
100 36
110 183
142 160
166 160
98 101
189 72
149 99
137 169
60 104
178 130
109 129
59 43
61 117
74 120
125 175
152 143
160 196
121 168
78 137
42 60
158 20
169 118
146 66
89 45
95 39
84 173
140 28
125 156
50 183
42 180
137 36
125 151
193 67
161 63
198 183
143 156
91 37
104 183
51 189
90 189
153 27
121 28
95 171
97 147
178 40
91 26
192 115
115 96
127 164
120 188
110 31
106 145
114 185
149 110
104 163
124 78
125 168
46 69
188 115
172 156
63 127
58 193
109 118
87 37
184 40
182 147
140 171
141 169
53 93
137 76
190 101
192 158
60 148
68 170
73 39
92 102
183 94
187 115
175 193
147 125
107 55
107 135
42 62
83 149
158 126
79 181
187 183
143 62
191 36
134 112
200 83
186 160
49 157
119 52
170 135
200 120
192 145
41 43
104 32
126 139
54 131
46 50
125 61
69 70
195 169
68 120
57 44
117 90
41 105
189 32
188 80
134 187
93 140
68 123
121 104
134 22
177 200
70 54
85 44
43 79
93 174
153 92
177 159
159 186
197 95
123 44
135 150
164 177
157 118
54 198
104 84
170 163
113 71
177 29
100 121
60 145
171 131
128 166
88 52
134 87
128 121
117 192
172 121
179 127
174 167
44 198
70 74
139 197
63 66
145 114
180 43
74 46
98 40
195 187
101 76
158 192
103 177
105 39
177 41
158 195
87 165
96 157
129 117
65 123
181 44
44 98
103 51
167 138
51 117
118 66
185 156
71 132
43 182
48 99
55 25
73 199
111 172
47 28
150 25
67 137
151 113
106 181
130 74
197 144
172 102
131 110
63 122
183 179
176 99
53 173
79 183
99 56
99 105
53 115
77 116
167 166
186 126
91 182
73 140
78 171
81 38
87 162
69 109
185 69
132 125
105 97
200 200
180 173
67 44
123 200
66 106
172 178
163 59
172 200
55 195
178 184
136 108
144 49
135 121
133 87
149 184
145 109
188 181
69 138
188 196
189 143
82 156
138 127
121 200
142 32
133 134
121 196
141 24
194 103
89 134
140 49
182 127
41 157
47 157
131 32
174 125
177 198
59 67
179 90
193 101
129 146
86 78
119 67
183 62
176 136
86 108
88 194
165 65
47 133
54 82
92 113
144 119
49 39
84 154
78 159
43 123
155 82
44 32
143 96
114 104
56 145
76 173
120 21
111 89
77 141
172 157
81 29
87 61
80 41
149 136
51 183
93 198
149 50
122 199
93 167
144 37
45 59
93 67
85 171
56 189
166 167
41 181
101 121
41 137
156 174
83 163
141 92
117 142
108 29
102 42
79 53
165 157
156 80
79 73
188 34
140 193
173 133
114 191
84 55
64 46
76 166
156 74
142 165
52 178
181 71
170 58
41 40
107 114
82 70
107 46
93 40
55 76
72 48
116 159
126 57
109 156
151 91
114 167
80 72
195 44
151 61
97 73
113 159
51 143
172 149
142 182
171 43
103 31
128 38
180 170
93 27
117 56
40 181
66 69
172 71
55 135
149 23
69 72
181 134
40 139
42 115
157 190
92 117
67 146
175 49
111 147
110 44
95 58
168 150
132 53
82 68
144 128
55 95
133 39
134 158
114 156
58 87
77 78
137 32
48 168
60 73
191 171
102 50
46 92
109 72
120 162
190 21
54 170
87 41
69 130
176 52
124 179
147 184
175 46
80 168
190 29
159 184
198 32
198 128
62 30
173 143
40 181
193 74
120 32
196 166
167 176
194 40
147 145
44 26
164 92
116 31
98 52
136 168
65 31
101 135
69 142
146 132
176 150
97 96
59 167
118 49
53 142
118 62
182 130
110 31
159 45
67 156
67 26
105 156
171 184
50 33
117 148
154 135
67 163
100 40
198 118
165 172
193 28
58 187
49 170
131 70
144 86
128 164
194 81
71 37
191 99
143 157
70 188
132 27
109 33
165 142
162 31
97 45
166 128
65 47
167 53
200 81
177 45
77 62
62 35
199 86
47 99
73 188
40 121
101 191
62 133
119 93
157 176
161 77
87 144
141 80
148 74
127 43
77 55
155 146
182 134
155 38
111 20
153 127
66 161
171 132
128 92
147 78
76 53
71 142
55 32
156 199
200 139
56 176
196 72
181 187
165 194
174 104
51 118
124 29
114 169
190 146
89 57
107 35
178 117
106 162
58 132
90 113
87 74
88 187
143 84
199 149
167 97
144 189
183 23
94 119
133 58
132 39
153 148
59 167
160 173
197 164
126 111
47 92
182 71
181 46
42 107
175 63
197 141
88 121
111 131
47 115
167 144
92 59
189 124
76 190
60 46
71 113
127 120
151 180
56 63
85 48
122 110
147 152
108 110
155 24
137 187
155 198
58 64
60 44
185 136
84 198
158 20
167 130
86 25
143 103
194 70
43 157
189 132
172 177
71 130
57 102
177 63
83 145
41 130
112 105
59 141
142 31
43 44
64 93
163 66
147 88
112 47
63 144
68 148
190 107
105 114
84 89
47 21
179 61
121 64
199 120
137 187
129 155
61 118
156 106
96 133
184 185
161 60
92 147
49 88
44 153
197 141
88 20
55 76
174 97
194 161
132 150
164 51
99 167
119 143
159 147
116 36
74 157
149 91
88 114
186 127
