198 160
134 100
51 192
110 138
48 106
190 92
88 33
89 120
74 65
97 69
124 73
176 72
63 33
44 115
183 83
124 190
140 126
50 31
106 136
83 91
163 59
175 28
61 125
176 187
57 51
122 53
82 158
144 154
90 185
193 98
120 53
96 170
74 178
98 155
66 92
153 152
99 81
124 69
51 136
184 170
157 104
122 146
75 46
68 107
145 108
131 30
158 109
52 182
198 134
102 115
60 80
200 65
85 99
133 97
172 72
196 158
62 81
89 174
200 195
104 138
72 173
191 49
46 85
89 138
149 49
50 58
109 55
152 114
88 176
105 70
89 189
123 155
72 174
79 132
121 124
53 87
120 184
121 194
105 44
84 130
173 154
74 42
158 187
188 156
144 142
179 133
171 76
121 167
85 29
196 46
79 60
134 172
178 120
102 144
155 173
179 132
87 180
189 129
134 65
52 156
105 51
47 189
199 25
88 197
166 83
56 58
177 148
85 84
160 21
92 45
125 31
74 186
78 77
79 82
132 183
172 189
79 116
107 94
48 72
127 158
60 21
79 127
106 30
91 65
148 57
90 71
41 40
166 99
60 93
183 127
94 156
130 47
171 161
129 125
129 65
169 28
121 45
134 28
100 125
190 88
42 69
103 38
41 40
40 55
174 96
198 183
165 164
150 142
185 85
171 53
109 84
83 108
110 196
162 101
126 179
124 43
142 185
98 56
194 146
148 94
200 24
127 144
109 109
172 139
187 120
135 153
133 50
167 177
55 46
179 184
174 166
69 160
129 152
182 94
45 110
106 83
88 163
69 57
164 21
128 65
113 27
124 187
187 50
187 132
169 170
151 81
90 177
161 114
57 187
174 52
89 130
113 166
49 72
83 126
147 171
85 74
126 146
61 48
78 103
67 51
161 150
82 149
199 119
187 87
40 31
97 109
178 149
158 117
163 37
158 35
99 61
52 81
174 42
140 183
65 114
91 76
58 76
151 42
167 160
72 23
135 184
118 123
90 38
151 29
136 76
149 60
175 122
46 97
129 71
144 131
144 63
166 122
78 73
150 72
124 66
116 79
148 92
54 145
78 144
76 69
148 80
131 72
65 47
69 177
112 81
140 173
97 165
58 73
88 103
50 119
130 200
166 96
173 64
171 121
142 112
44 105
180 80
67 143
169 96
154 176
149 154
126 59
52 52
150 184
163 89
105 113
192 179
161 30
47 116
189 152
86 65
80 155
48 125
86 60
140 95
157 98
130 172
97 120
178 47
194 123
58 137
151 103
135 24
174 137
44 78
85 137
67 111
186 190
74 98
194 29
128 165
172 53
61 166
109 164
146 138
40 161
173 142
173 156
76 140
87 63
130 146
85 111
109 127
100 90
193 128
106 151
62 89
149 28
70 30
154 35
170 41
174 106
192 195
83 127
194 127
97 195
192 188
178 165
44 197
107 178
42 129
84 88
103 114
125 33
162 170
79 30
107 195
150 102
41 105
70 172
112 170
71 160
159 104
78 197
55 193
189 65
95 105
151 46
139 49
62 148
165 169
184 92
130 82
98 194
44 61
181 126
69 166
67 28
97 190
96 41
138 43
169 172
70 40
184 105
133 33
100 168
152 138
165 35
169 123
136 124
46 46
193 151
135 140
159 160
177 104
121 99
198 34
139 103
146 157
154 60
121 58
141 159
150 102
127 121
43 37
45 181
187 72
78 74
143 48
85 43
151 28
165 44
162 96
129 89
73 137
142 30
181 162
46 67
50 87
108 54
198 148
138 49
167 87
155 65
179 182
67 169
170 149
190 88
138 65
100 34
102 101
69 62
59 67
153 77
115 62
75 192
134 72
58 134
66 95
123 49
123 66
63 109
49 33
96 26
144 126
71 68
87 71
82 113
49 167
138 42
153 34
86 32
184 78
58 115
109 94
97 165
80 131
108 142
147 107
142 160
139 118
62 191
135 28
163 137
177 182
49 102
60 43
42 133
69 74
148 149
117 142
183 163
61 41
140 64
126 88
61 144
58 124
133 168
105 90
85 194
83 140
68 182
95 55
59 115
188 194
109 176
83 38
176 145
52 91
141 144
81 91
56 76
181 130
197 83
43 101
42 176
147 120
183 111
159 56
101 163
40 152
122 151
91 28
99 40
120 35
133 55
145 106
153 170
51 197
92 22
81 153
120 67
125 65
169 47
75 95
140 44
136 195
192 65
50 182
40 146
41 91
167 61
149 151
172 131
69 163
133 136
68 40
78 191
65 101
49 132
78 161
179 94
161 186
59 141
78 60
150 62
43 141
128 36
192 53
184 121
64 86
183 25
105 164
61 71
137 33
40 182
60 177
155 133
117 111
180 90
121 98
141 154
141 140
97 68
130 54
42 123
169 126
53 196
140 99
109 161
89 43
96 129
156 86
174 75
47 78
117 111
88 171
128 72
77 20
183 115
132 92
159 130
67 149
132 50
196 45
139 121
114 174
112 161
51 176
72 186
73 56
109 120
115 154
192 120
186 39
78 96
109 191
80 103
196 146
104 177
97 67
90 162
139 28
174 146
98 190
115 120
193 197
175 45
56 159
197 36
156 54
172 76
154 65
66 103
79 154
106 113
83 80
83 122
141 130
186 192
187 84
123 121
194 139
90 39
119 130
46 194
79 170
138 56
80 72
46 156
168 144
131 21
125 126
155 103
64 179
76 43
80 71
67 32
169 65
194 151
45 177
99 31
130 120
191 184
51 72
104 174
72 135
137 200
55 133
115 92
186 47
105 109
88 56
144 60
183 191
158 98
131 171
141 91
65 92
97 162
149 83
97 62
92 187
171 179
74 94
155 182
193 199
81 26
196 91
95 35
131 36
47 30
113 66
200 40
154 111
131 138
189 62
122 82
126 85
52 150
193 126
109 97
196 27
58 160
144 46
131 135
142 49
75 178
197 158
45 82
42 108
161 58
140 85
146 82
179 80
125 166
182 176
99 58
63 33
121 52
86 48
178 73
101 62
185 144
77 34
147 113
78 109
197 181
183 50
176 166
63 69
60 163
95 102
170 193
161 170
177 116
143 91
45 136
146 183
149 73
115 150
56 174
146 161
192 78
43 91
191 88
161 146
56 127
175 95
138 30
128 72
40 139
80 104
59 177
118 156
126 127
51 145
185 109
189 125
182 76
73 49
197 115
112 63
40 33
121 60
92 171
129 147
134 165
155 28
149 152
77 56
72 175
95 194
49 118
46 153
190 152
192 198
117 59
62 84
156 176
61 61
45 33
51 20
97 131
160 85
40 126
126 118
157 87
163 98
148 132
58 80
62 47
90 97
108 145
153 60
124 74
158 172
181 167
134 104
91 166
77 57
86 128
63 48
71 99
129 85
71 63
188 175
144 52
144 130
148 181
126 22
71 56
196 148
193 157
86 191
61 147
110 75
144 47
163 185
183 146
57 63
108 183
49 127
141 77
128 131
169 40
180 71
191 170
118 30
185 133
116 45
181 192
152 69
188 112
167 140
83 125
87 32
102 63
147 60
88 116
190 45
137 134
174 49
77 128
47 81
124 118
74 185
119 88
42 94
133 20
146 95
58 78
77 44
148 116
171 195
182 90
140 108
132 159
76 133
164 151
91 191
44 170
155 162
65 54
85 176
123 58
149 85
72 25
186 119
68 62
79 38
110 34
188 200
113 200
194 85
107 45
67 120
113 122
101 63
78 106
200 176
81 48
122 151
96 114
175 92
46 62
104 83
159 118
75 151
138 92
111 62
176 200
108 26
68 87
85 147
46 26
96 45
114 124
43 90
85 74
91 136
130 169
116 38
87 36
59 95
196 89
172 68
140 44
192 173
175 40
91 49
174 188
161 88
134 185
84 180
69 145
74 27
175 133
71 199
124 92
140 142
49 47
85 69
198 118
107 44
107 142
140 161
173 28
192 180
104 61
96 152
188 68
58 133
66 159
151 86
163 109
167 87
107 144
80 29
166 171
196 81
62 91
175 119
124 70
44 188
92 149
195 112
143 56
74 150
55 87
157 192
88 78
157 83
75 52
130 75
122 162
195 29
76 27
87 163
192 58
172 75
159 95
50 74
192 143
154 76
109 146
101 142
157 192
195 66
57 78
57 64
49 49
196 189
199 49
155 64
82 187
74 194
44 135
147 170
112 56
148 110
92 127
109 158
173 57
70 119
136 150
151 145
150 113
45 121
151 172
192 188
162 167
170 166
63 43
70 110
71 74
159 110
184 81
127 77
178 64
190 26
182 41
68 55
141 30
107 39
122 131
79 163
179 141
126 190
54 40
79 31
138 96
149 106
147 113
174 120
141 81
199 92
200 65
134 53
122 138
100 192
61 103
178 20
135 159
65 77
197 117
105 43
56 171
138 100
198 82
125 69
191 171
148 104
68 171
83 155
128 158
112 24
124 61
195 43
46 138
154 85
136 57
106 48
72 67
78 143
64 194
103 123
151 174
129 40
146 91
79 84
72 103
114 177
70 175
129 85
115 51
79 20
133 171
172 167
196 128
55 23
76 99
150 192
49 136
55 126
123 160
180 68
148 173
68 56
154 72
98 176
168 42
57 190
119 69
40 171
99 178
145 109
114 128
169 111
167 46
65 103
88 75
141 179
128 175
110 97
84 73
174 99
59 126
93 109
167 145
155 181
176 52
136 55
177 157
67 75
185 54
134 61
99 167
150 198
137 91
139 116
117 44
77 133
119 180
117 127
120 185
60 154
54 44
100 98
151 152
192 150
130 135
68 88
89 25
159 128
127 179
88 199
151 74
175 65
64 181
165 156
195 200
129 109
44 120
188 167
165 50
174 142
113 85
72 49
124 109
81 49
140 27
64 188
180 98
76 28
186 36
132 76
157 109
105 121
50 123
102 31
154 159
128 168
192 185
52 185
67 79
101 56
146 75
114 109
153 47
145 163
79 183
111 116
113 149
149 136
182 40
135 59
99 97
141 159
167 60
155 107
116 78
126 139
74 87
106 63
157 198
184 132
134 161
188 167
134 96
66 76
159 170
42 184
174 54
132 92
115 193
173 104
68 30
106 168
50 42
175 64
107 83
181 146
139 185
68 37
179 178
178 77
178 66
139 168
97 195
111 200
94 71
123 162
42 61
75 182
79 98
118 189
74 95
191 26
72 145
157 152
124 70
175 158
179 120
194 132
98 118
87 48
40 115
113 26
175 103
79 24
50 106
144 179
136 21
155 89
160 154
135 139
73 65
100 82
196 62
102 60
164 183
162 98
112 91
149 59
180 89
51 125
109 132
137 126
100 73
145 21
167 38
177 179
159 21
121 61
103 153
128 151
81 169
59 142
110 96
182 148
44 126
46 180
71 192
91 46
86 59
171 121
134 99
161 173
87 21
123 133
103 63
157 77
40 40
197 126
194 174
83 72
114 54
121 46
111 88
116 63
129 98
161 142
169 159
115 31
66 133
71 123
140 88
127 78
42 36
185 110
68 137
199 168
135 158
49 186
73 147
51 152
51 55
115 26
42 77
176 192
90 135
167 150
188 100
125 72
174 172
108 115
82 165
98 126
110 124
83 52
139 41
48 53
57 156
98 78
180 140
45 68
82 24
170 28
137 43
88 61
153 88
179 21
127 157
106 75
79 48
77 20
49 150
93 123
44 120
72 121
169 63
81 170
195 117
173 116
118 49
89 153
71 115
104 115
86 88
86 111
179 181
132 138
76 68
148 116
183 43
194 45
147 82
122 132
125 98
195 72
80 63
94 22
116 30
178 118
101 59
185 82
116 87
83 106
79 132
169 180
76 134
89 21
86 91
100 64
93 189
47 128
123 56
199 153
48 149
103 182
75 157
121 140
141 73
50 81
120 138
65 99
114 91
147 162
157 136
101 49
147 200
57 193
86 98
94 104
88 101
46 33
49 197
176 74
53 26
42 120
77 91
139 109
83 182
186 173
94 183
180 48
137 150
162 197
123 51
115 124
184 136
114 151
188 115
194 147
92 89
123 175
48 31
186 29
94 22
53 184
149 63
68 53
164 97
175 68
60 58
161 108
125 131
171 190
52 171
59 95
68 131
63 57
55 181
73 166
75 77
46 84
59 150
142 101
186 183
47 73
71 92
200 59
78 119
56 119
43 94
93 108
151 29
129 135
88 41
185 135
175 185
126 27
130 142
144 60
180 109
92 51
166 74
137 162
65 190
146 64
133 56
126 27
162 21
132 200
43 38
92 50
173 60
184 70
110 33
107 151
85 93
115 152
141 64
90 29
166 58
43 71
90 145
96 166
131 192
93 90
143 173
47 169
151 128
177 118
185 78
170 112
170 187
40 127
124 111
76 78
139 28
186 194
118 87
87 61
89 78
152 96
155 44
119 34
85 66
119 20
182 157
196 100
169 177
66 177
78 200
142 172
122 170
51 112
70 138
195 162
78 154
120 139
66 183
88 21
137 175
120 162
112 188
96 142
117 186
120 174
43 124
190 75
45 177
40 184
139 71
140 93
199 59
185 60
112 174
81 85
146 23
98 132
114 29
41 27
178 123
130 165
175 128
68 134
131 146
100 68
82 55
107 190
155 95
195 109
128 60
78 191
134 113
95 187
55 133
197 54
178 119
70 88
87 50
63 167
158 42
115 47
41 155
43 137
86 186
143 164
59 120
70 188
197 89
91 132
73 173
94 185
150 35
90 88
164 29
187 184
71 169
138 61
185 69
120 191
59 125
94 155
58 61
157 67
61 64
108 160
175 26
55 103
76 41
70 72
93 132
45 117
171 84
88 81
55 106
158 43
53 44
175 147
79 112
100 187
169 166
92 116
41 49
117 80
40 147
62 198
174 28
99 45
44 43
178 37
128 124
90 25
47 120
125 127
56 176
94 80
79 64
150 113
148 56
120 113
184 76
123 99
59 139
132 186
110 178
157 73
55 162
84 191
75 42
142 67
155 69
182 52
115 167
159 194
178 68
64 153
154 179
191 75
49 79
125 82
63 174
58 193
124 143
195 138
169 72
154 33
116 42
121 37
124 26
109 123
106 60
182 26
52 127
63 42
69 105
95 145
60 92
171 174
164 70
99 136
142 145
192 67
104 41
151 141
70 200
85 196
82 98
138 116
69 185
114 34
70 108
99 23
152 47
161 164
196 71
82 139
62 85
186 91
154 146
61 66
48 147
162 111
156 42
90 34
69 49
98 69
78 102
40 62
62 85
47 63
130 109
65 43
41 27
190 121
200 51
138 181
88 180
56 91
188 74
120 39
91 198
69 53
80 68
102 38
163 51
135 143
127 158
47 48
109 30
92 147
53 92
84 190
160 108
136 173
154 77
127 23
160 83
193 97
55 109
189 78
191 196
179 92
76 123
44 117
55 39
42 132
117 152
46 188
115 52
101 77
154 20
70 77
125 33
58 57
91 100
189 21
157 24
120 96
196 84
110 23
55 149
46 150
52 64
49 85
66 78
167 118
133 112
113 25
90 129
106 123
73 196
183 119
59 154
166 44
167 29
164 77
131 148
155 127
102 188
179 177
187 143
150 46
189 175
161 36
134 124
110 25
62 175
78 130
95 40
137 167
92 140
57 59
49 105
180 123
86 55
189 139
44 162
177 67
163 115
110 199
59 200
55 75
164 22
131 57
130 63
110 176
183 38
89 155
110 174
132 138
62 160
160 177
76 120
188 177
59 103
149 64
160 85
145 40
43 160
191 98
155 157
139 131
116 91
159 186
155 180
152 156
173 79
57 152
62 198
112 174
111 83
65 104
176 177
137 95
163 53
140 118
96 98
165 122
184 127
183 46
53 121
200 160
181 39
180 114
184 189
163 127
196 117
73 26
166 88
171 57
121 101
80 54
183 74
153 76
146 139
66 40
142 153
151 178
93 146
42 142
101 116
155 102
106 33
121 32
71 93
92 84
167 168
126 59
146 74
190 88
77 25
163 44
170 103
160 157
72 167
145 118
88 152
81 83
148 39
90 69
163 164
199 98
46 36
45 196
67 191
181 72
62 172
178 96
66 119
75 135
40 167
45 32
129 55
174 71
66 48
141 138
118 114
186 64
125 191
167 190
130 63
70 42
62 199
99 37
75 102
115 33
175 168
176 27
147 117
200 29
63 156
59 63
192 95
123 71
175 77
41 117
92 50
167 143
80 194
71 114
182 112
98 179
119 176
153 91
48 82
50 196
65 92
67 74
119 189
46 177
111 43
198 72
101 22
179 104
61 153
83 199
169 45
190 134
186 46
82 24
167 181
143 199
176 103
93 152
176 133
116 29
88 109
107 149
164 147
98 78
102 73
99 97
59 82
180 29
43 143
182 115
137 55
161 88
98 183
95 117
69 193
179 71
155 193
123 47
40 94
173 148
127 168
43 140
101 152
142 154
169 42
145 145
147 191
45 73
87 42
70 189
163 101
153 89
72 33
82 32
41 53
188 119
106 165
189 189
68 53
131 198
139 151
54 119
89 99
172 194
151 58
76 33
155 176
59 139
198 98
85 51
47 73
161 172
60 29
111 187
145 78
67 126
173 157
93 151
64 159
162 152
72 92
86 167
181 131
184 27
162 158
123 63
90 52
191 142
110 58
90 87
155 158
87 61
93 32
47 181
78 143
52 66
139 155
185 195
73 142
125 81
134 68
183 153
174 23
173 44
42 178
119 92
49 30
70 27
45 52
175 138
110 88
187 71
182 73
98 155
143 103
62 122
40 98
122 153
73 102
127 178
134 155
198 47
86 114
96 151
118 91
77 84
158 38
93 125
76 152
127 27
187 128
161 53
79 30
73 52
50 199
192 175
163 131
162 140
93 94
50 161
71 115
109 35
173 153
121 84
96 174
173 110
46 25
138 47
101 45
115 178
96 29
93 191
99 167
134 21
72 173
132 90
131 68
148 75
190 150
186 64
83 101
168 96
135 168
130 192
175 37
171 40
104 44
141 79
88 79
51 177
91 66
170 127
193 113
41 31
129 57
132 179
103 140
49 113
67 165
76 68
135 197
158 118
100 177
111 41
132 170
112 161
185 75
107 196
142 135
64 93
121 100
197 103
77 76
84 77
195 170
112 145
189 137
157 45
78 77
130 20
143 94
100 31
132 136
98 73
73 133
166 152
119 193
156 171
100 175
64 99
138 195
93 56
84 97
173 196
98 85
165 102
161 130
156 156
59 137
165 76
97 149
124 162
87 73
120 191
90 53
46 167
56 109
62 137
100 109
161 117
103 115
82 185
178 134
97 129
108 169
97 144
86 92
82 99
73 199
120 128
100 56
140 63
69 105
115 61
47 168
97 193
153 186
160 78
86 176
159 173
166 107
200 72
85 200
171 168
130 126
68 130
59 185
183 52
88 100
87 55
113 125
90 70
181 31
182 160
51 64
66 123
59 160
118 120
99 133
111 128
86 163
103 141
68 111
53 67
163 52
100 33
42 153
124 152
87 104
131 36
74 25
176 98
56 173
50 107
200 150
53 165
99 110
200 179
105 104
162 188
195 32
55 103
105 195
103 85
159 54
113 158
93 196
154 183
188 103
89 101
83 117
157 199
48 139
141 130
160 116
42 79
161 178
117 102
109 40
195 55
94 188
188 169
46 53
146 104
171 183
90 97
182 82
102 192
149 36
113 173
135 116
157 119
99 46
98 71
143 124
87 177
124 179
90 99
147 43
139 191
184 133
104 153
55 66
44 196
123 131
193 89
43 36
176 55
191 193
70 135
170 124
136 195
183 79
97 20
149 165
136 23
89 112
101 157
115 88
117 62
44 131
119 147
55 112
192 189
189 113
120 55
125 118
50 40
69 180
87 172
123 179
88 188
167 114
184 46
169 32
43 124
76 97
54 66
48 163
44 75
90 113
173 200
57 50
96 25
48 117
114 159
91 185
125 24
70 101
122 61
197 195
196 144
183 94
131 43
88 114
161 142
101 36
97 144
118 189
148 148
67 54
74 196
200 197
68 193
139 39
71 57
134 27
194 66
142 63
195 121
52 21
106 33
132 69
132 111
140 122
52 200
118 47
119 139
119 39
128 31
70 108
184 39
79 143
44 116
95 21
146 162
166 44
76 55
199 146
121 124
145 30
129 164
168 21
138 95
99 27
57 180
67 142
136 155
145 91
164 154
55 112
173 81
105 78
169 103
53 91
83 43
59 77
104 129
161 118
156 55
52 162
155 160
145 57
83 79
158 49
191 196
120 72
101 168
169 35
93 184
44 77
154 152
170 124
189 61
152 94
75 76
147 92
117 95
182 79
165 47
49 36
141 75
115 46
164 28
121 192
119 32
80 77
55 130
86 177
82 100
61 175
130 142
161 28
79 95
83 174
181 168
163 30
94 41
61 67
135 88
66 168
186 90
46 157
82 89
120 61
45 53
93 141
149 145
139 189
122 43
55 198
93 172
79 173
64 152
64 129
50 41
170 66
173 190
126 188
105 172
149 77
141 185
159 141
137 63
177 183
63 186
121 97
150 88
196 109
147 176
149 181
117 147
84 156
133 153
137 57
129 172
51 196
78 76
85 87
182 94
177 87
86 87
45 114
131 176
173 34
179 193
124 69
118 150
125 45
98 108
194 56
51 79
103 139
121 77
48 133
116 192
196 150
73 68
127 86
101 58
100 113
63 144
159 142
183 153
191 22
129 140
99 101
112 114
108 157
75 22
41 178
114 58
58 109
121 193
100 113
84 193
157 99
52 102
73 164
193 23
157 193
114 177
49 40
97 164
50 107
190 43
70 145
121 189
158 27
158 182
81 20
75 150
164 125
112 117
178 170
98 177
130 120
141 135
126 150
174 152
49 139
47 137
81 30
143 170
192 148
98 177
83 105
147 148
200 95
87 143
123 184
178 61
50 66
166 180
125 133
97 167
42 25
108 58
185 35
69 199
90 142
191 168
177 64
48 186
75 77
142 128
164 72
108 81
120 149
65 168
81 155
75 94
134 69
140 176
173 101
199 119
179 92
83 196
102 94
102 55
102 200
42 173
75 41
120 96
146 93
79 123
81 193
145 105
112 144
51 161
85 70
75 112
190 64
41 147
62 142
197 45
100 140
41 131
105 87
43 125
157 105
40 66
77 158
55 91
123 149
178 96
167 30
99 163
43 147
79 24
71 98
49 194
149 43
77 69
146 29
190 165
41 96
170 78
189 165
87 150
164 35
113 84
68 126
44 129
42 171
63 120
198 157
62 80
120 194
138 126
150 159
95 199
138 142
74 62
54 142
74 187
185 81
113 44
83 200
150 110
135 56
127 135
68 50
68 195
178 151
89 107
55 71
99 66
95 191
112 34
80 85
182 90
95 118
196 110
123 149
187 56
64 114
82 186
47 26
197 170
99 80
131 109
123 166
94 197
147 61
180 40
191 52
165 55
77 46
91 30
109 191
167 67
56 145
112 186
48 112
90 171
181 101
149 146
106 124
88 92
44 188
78 135
96 118
185 148
154 41
147 170
97 90
149 87
55 148
58 85
156 39
161 135
198 95
46 75
104 38
60 135
190 50
194 122
138 196
160 176
113 43
167 35
95 57
102 122
188 172
149 74
46 127
144 125
154 36
112 65
72 160
110 80
54 86
87 178
165 151
150 159
121 167
123 104
148 44
117 117
174 165
178 76
116 175
114 176
76 170
68 49
185 63
126 134
74 184
113 127
82 68
114 88
103 51
41 147
90 48
171 31
138 54
163 68
116 80
131 41
163 35
108 161
48 176
53 137
163 108
99 163
114 51
167 63
52 55
41 141
92 21
182 172
162 198
95 101
44 98
84 125
167 97
95 106
51 188
106 139
58 96
98 43
162 193
71 51
200 160
80 189
148 54
113 169
200 88
136 183
180 90
112 125
115 55
155 132
197 79
158 200
200 76
57 117
116 33
164 102
75 87
161 150
86 44
52 68
163 192
173 183
96 60
155 32
56 135
108 161
174 150
189 132
191 27
162 169
85 124
72 21
73 154
111 186
51 82
57 192
123 69
45 198
126 49
55 87
155 162
116 49
146 177
137 103
165 138
156 184
93 137
65 184
152 121
106 64
177 179
146 69
181 194
123 23
71 178
90 124
199 51
120 198
133 108
200 134
47 192
84 199
128 176
179 169
193 136
128 120
100 194
111 127
64 134
58 99
144 31
200 21
68 60
99 169
120 21
54 139
56 37
106 184
168 126
91 39
155 28
82 61
151 163
163 134
158 132
137 64
179 99
141 181
64 68
132 155
84 144
173 116
51 98
186 197
150 49
58 141
111 137
94 137
84 96
114 127
169 190
162 98
130 50
200 96
180 189
140 165
148 54
191 45
57 99
63 24
181 98
78 72
43 143
49 113
155 77
159 134
198 114
137 198
126 27
151 71
155 39
149 164
199 115
179 131
199 64
59 151
70 22
137 90
86 32
110 127
134 24
65 72
184 192
108 147
192 180
138 26
158 78
195 117
91 178
80 182
122 156
57 121
156 172
130 42
48 113
89 62
99 189
40 173
61 86
50 127
44 113
63 188
156 167
89 136
168 187
172 172
108 140
48 197
164 200
147 74
165 151
129 103
63 145
140 195
51 23
46 98
163 73
128 58
72 142
99 20
66 174
109 96
109 189
188 180
119 61
147 36
119 174
48 89
104 151
130 150
151 115
145 145
45 140
81 37
136 135
177 67
75 187
143 121
114 141
88 91
99 67
97 91
108 76
140 123
123 24
170 95
163 172
43 174
147 102
87 104
86 39
193 30
120 26
132 132
71 118
130 61
182 118
176 49
172 66
179 111
95 97
55 51
187 145
145 176
112 132
185 189
154 126
123 116
143 142
63 184
102 168
100 53
128 66
96 33
108 128
95 77
197 182
53 68
56 179
159 97
84 128
153 78
110 54
110 60
183 86
169 65
85 186
45 92
87 39
177 189
41 125
165 27
191 165
49 151
42 121
195 142
48 185
50 34
169 142
90 35
174 140
138 20
141 167
154 173
169 148
173 135
150 176
41 191
173 129
110 179
140 100
131 54
192 180
176 172
187 42
62 58
139 68
165 143
196 37
186 90
141 58
73 38
147 79
176 137
51 133
54 70
135 180
66 126
137 184
96 180
85 194
154 21
161 153
88 95
50 111
170 59
104 68
168 149
55 35
75 51
129 109
148 126
82 22
139 199
186 140
165 143
102 152
131 128
162 80
152 81
85 198
197 154
175 52
193 52
158 94
52 115
60 173
117 104
168 48
67 87
77 115
129 175
170 52
177 109
66 182
114 105
100 85
88 127
146 114
178 54
197 154
107 59
173 105
132 181
93 45
131 55
196 42
182 165
126 184
144 79
47 29
152 86
138 164
189 120
62 187
169 141
122 67
130 166
42 113
173 56
198 102
56 172
58 90
54 61
92 23
43 52
121 147
161 150
133 25
134 145
151 23
182 187
60 186
108 52
183 80
105 109
148 47
53 106
146 83
46 147
168 71
44 157
137 171
47 35
104 142
180 77
52 67
67 57
124 197
130 61
153 143
132 51
133 26
54 140
178 100
90 169
175 139
166 88
184 185
79 174
191 80
62 70
74 129
169 83
192 40
117 32
79 119
73 157
83 136
155 118
175 25
168 127
101 147
127 71
58 162
66 50
137 89
84 65
151 87
66 114
169 166
111 49
130 107
42 136
78 59
190 52
193 151
146 181
70 175
93 170
105 159
129 27
187 50
105 175
96 170
171 172
155 72
102 48
50 84
84 30
69 57
191 145
89 92
61 195
126 189
89 51
102 192
143 78
114 100
143 142
176 56
200 101
143 124
109 100
146 127
146 22
106 90
117 129
144 141
157 77
93 46
118 146
94 84
111 78
104 111
70 130
141 56
180 30
173 114
74 118
51 117
166 97
103 62
114 79
160 117
104 21
75 189
53 87
77 103
153 115
96 86
116 60
127 126
144 153
148 147
137 144
183 141
163 157
87 80
181 89
69 68
199 118
79 102
200 47
81 56
143 141
144 127
186 104
46 161
170 22
179 79
141 95
42 28
48 38
124 147
45 148
96 71
105 194
86 73
104 85
191 67
200 146
117 96
178 171
66 105
181 143
94 73
63 39
173 163
75 98
127 144
68 123
97 25
168 57
179 91
145 78
57 159
167 103
79 68
97 43
63 139
144 72
70 53
50 36
106 107
103 176
129 119
178 167
89 200
137 164
171 118
146 53
70 189
158 98
40 89
153 54
45 95
192 156
144 69
198 135
170 162
100 24
44 49
46 35
59 130
135 199
67 160
67 68
65 99
135 142
139 82
48 99
50 166
46 96
198 73
121 110
152 96
69 78
52 146
93 105
131 195
106 117
175 118
84 128
152 54
199 148
196 151
120 174
170 188
197 75
89 125
179 48
40 30
47 76
174 68
102 200
171 51
192 169
62 40
68 143
89 177
87 97
110 58
79 98
149 200
74 157
154 168
129 167
121 94
157 25
171 160
152 50
117 152
190 146
180 40
48 196
92 135
71 112
64 40
165 186
169 124
162 51
166 174
45 43
153 172
177 170
76 64
88 130
77 86
167 95
71 25
159 160
120 194
197 98
171 143
181 185
183 119
142 134
143 147
197 151
137 135
63 165
52 24
170 129
122 118
85 152
143 122
157 168
109 73
133 151
68 79
68 149
41 25
113 170
150 188
107 180
43 88
62 61
47 167
105 46
49 34
112 150
41 66
180 162
178 126
154 91
165 45
56 54
163 40
156 109
86 111
54 133
141 164
54 98
132 98
96 140
132 188
77 133
42 156
168 103
154 88
116 131
147 119
152 64
190 180
198 143
139 99
156 86
140 145
142 42
56 71
147 107
200 186
170 174
92 139
66 33
55 53
79 113
112 194
111 89
64 78
61 194
96 111
104 54
164 156
139 96
158 115
138 157
57 178
105 131
155 145
118 46
66 20
178 129
58 166
165 135
69 66
134 146
118 116
156 56
60 135
105 97
194 165
145 99
148 23
153 192
83 48
69 50
117 52
185 64
92 138
101 162
75 72
139 61
41 154
158 61
101 176
68 176
49 151
139 133
55 183
81 65
60 169
107 101
183 158
79 158
111 34
114 143
128 162
61 195
121 119
145 147
177 38
104 169
148 87
190 149
164 139
86 66
133 153
132 142
158 200
81 138
92 77
126 141
117 122
182 82
161 155
64 61
104 83
150 45
109 129
92 143
145 93
70 28
131 184
124 136
113 129
167 145
85 26
104 182
134 107
40 186
193 53
110 20
167 31
110 152
146 178
62 161
48 71
127 146
161 170
200 75
105 170
198 88
149 37
73 49
176 48
90 88
70 182
145 22
115 186
65 187
83 176
60 188
131 115
110 135
180 94
81 138
165 78
97 200
175 184
184 49
90 45
80 153
93 93
50 56
131 111
80 146
170 132
155 118
172 65
53 97
63 63
48 64
60 42
55 38
114 146
84 31
191 70
128 160
127 124
169 32
86 23
66 75
48 90
138 67
70 132
126 47
146 152
166 57
87 114
101 194
189 105
187 70
160 64
198 114
155 62
79 79
64 134
91 93
183 162
80 169
113 69
67 82
127 33
178 82
102 103
132 161
57 153
82 132
97 98
117 126
137 120
200 136
192 113
159 32
48 184
114 44
193 200
71 28
84 101
50 36
150 32
140 143
199 176
58 32
142 187
162 32
42 196
44 21
56 186
187 41
185 149
61 48
163 73
50 34
62 48
200 124
123 38
198 99
172 130
131 138
105 183
68 183
64 158
178 163
164 103
155 114
162 128
120 141
75 34
140 21
48 49
45 151
188 118
162 22
179 161
172 120
134 169
103 125
82 179
43 36
65 45
131 89
141 172
159 23
141 64
149 154
81 191
200 138
43 159
140 33
62 121
153 141
88 47
189 25
147 31
182 55
173 120
157 136
195 169
154 81
71 36
142 88
65 29
186 24
153 22
128 41
112 76
200 51
103 167
127 83
144 185
195 91
137 170
161 96
168 150
110 82
80 170
110 60
145 149
178 150
187 146
44 166
86 121
118 185
181 147
146 197
135 44
156 159
169 182
43 169
82 148
195 30
47 52
97 118
156 173
120 134
100 138
68 193
91 92
88 169
96 45
60 179
110 139
129 138
170 96
43 115
184 52
80 27
96 35
48 169
47 185
173 142
77 132
155 29
142 117
150 24
157 75
128 138
68 29
50 29
195 176
122 115
94 189
94 103
40 136
183 170
143 157
104 42
67 45
98 181
52 143
92 51
96 57
197 45
200 148
135 160
71 35
81 46
68 71
193 167
183 112
64 131
121 199
65 126
88 160
125 71
46 82
50 200
65 160
41 148
121 101
74 42
104 41
139 75
176 60
171 21
74 183
173 44
58 34
50 147
156 24
43 63
188 138
129 78
70 123
58 83
96 117
198 83
178 193
56 37
174 122
132 175
163 128
107 120
65 51
70 114
106 132
102 166
199 72
67 117
196 81
123 125
65 63
154 163
57 52
154 171
153 184
62 162
136 151
127 128
174 54
95 143
103 51
109 135
92 151
150 104
153 69
133 107
163 26
120 87
154 154
108 159
43 151
146 56
125 79
43 161
196 181
160 76
69 53
157 50
119 85
107 200
183 185
124 93
84 67
84 181
182 42
170 180
41 51
185 196
145 174
143 98
96 135
76 170
66 187
117 196
165 91
56 50
96 127
40 81
117 195
157 35
163 91
100 149
99 35
131 101
99 40
81 80
165 174
155 58
147 42
185 67
154 47
118 25
81 50
51 70
67 20
192 152
172 50
83 105
117 159
171 134
142 179
197 81
150 66
74 120
150 157
108 85
76 39
80 35
58 193
124 121
79 85
97 192
136 194
156 119
126 111
168 103
119 77
99 179
129 104
187 122
118 192
106 80
165 105
150 174
48 136
82 116
167 74
40 51
68 81
73 194
150 87
156 30
98 67
94 23
169 179
199 123
137 176
129 43
163 188
79 136
113 99
169 182
134 155
125 137
91 122
179 168
184 119
69 23
76 93
172 25
144 119
126 94
65 27
169 191
63 139
90 39
152 163
111 139
177 172
69 105
182 64
55 160
127 56
55 94
181 115
69 47
71 22
138 149
94 104
42 145
143 82
82 69
62 158
120 75
69 173
175 81
151 168
162 86
129 54
51 95
62 35
132 194
171 75
41 173
53 119
179 47
178 176
199 135
80 145
106 178
157 186
97 74
99 187
128 184
44 147
96 95
50 82
128 186
166 76
58 181
141 177
150 137
107 192
113 139
92 191
179 59
58 70
110 29
163 132
84 196
116 53
169 131
89 153
131 76
167 32
150 44
69 129
129 171
44 35
105 154
67 157
178 46
61 97
95 57
189 84
148 67
185 200
188 114
151 39
59 164
72 163
168 64
168 130
110 104
88 35
181 58
190 41
168 108
58 157
87 185
58 94
54 44
85 116
53 50
101 170
123 174
67 186
151 118
171 80
84 91
154 183
153 134
96 138
190 46
108 123
82 112
193 64
92 57
193 23
118 71
83 66
130 100
191 41
182 83
99 49
200 151
85 138
90 67
127 121
123 105
89 134
186 135
46 129
173 117
49 188
154 144
102 108
168 195
95 22
197 108
144 150
68 82
156 189
95 31
76 54
174 144
153 44
161 114
163 78
145 147
125 165
76 195
135 189
174 52
120 198
104 110
168 174
191 136
67 62
49 79
131 47
197 134
68 81
168 37
51 108
77 157
64 117
192 107
190 78
188 38
141 28
45 128
150 20
103 44
195 83
160 163
134 29
43 44
49 121
160 192
65 99
152 188
158 98
166 138
187 153
112 199
157 159
120 103
103 143
193 133
45 163
66 90
165 72
45 138
51 157
90 165
70 66
125 30
52 134
86 153
166 154
141 200
192 179
50 152
87 151
94 95
123 126
53 150
157 37
76 30
143 93
176 49
191 163
98 61
127 101
132 102
190 85
83 196
118 115
178 188
197 79
61 125
182 87
172 144
128 172
199 86
54 136
131 198
194 53
102 69
48 169
113 184
114 27
195 135
147 41
144 180
170 61
143 29
141 85
118 104
111 52
113 22
67 175
133 53
134 164
198 170
83 137
136 45
88 61
149 167
141 43
89 157
70 142
144 136
159 39
164 160
109 21
189 178
150 38
138 101
195 182
125 110
82 49
161 114
194 156
170 79
73 146
157 154
97 37
133 158
54 200
162 85
43 111
159 125
45 182
62 96
131 105
94 121
200 128
166 159
144 185
190 144
102 22
122 137
172 178
60 26
182 147
163 87
163 126
70 70
156 55
154 167
198 127
40 21
184 172
146 116
93 187
125 51
172 184
50 62
60 94
64 76
95 44
175 165
113 105
47 29
61 162
171 174
194 156
59 134
53 21
100 184
94 42
111 188
160 117
187 150
113 140
100 153
123 114
51 99
200 169
120 192
152 131
176 124
82 155
162 184
117 76
196 73
191 68
121 53
45 147
190 105
81 36
119 22
157 151
176 71
164 124
43 191
167 174
63 58
179 153
111 62
149 137
124 53
174 187
172 123
163 173
164 90
123 29
66 53
98 80
157 135
87 122
197 198
47 138
185 67
84 26
173 131
118 104
105 140
165 47
197 80
67 188
199 157
90 65
181 74
69 121
155 89
107 154
49 46
57 189
162 117
161 49
137 117
45 186
88 113
121 133
194 36
176 133
193 144
178 37
73 106
131 37
118 130
123 77
72 136
52 78
150 95
48 122
178 181
64 53
198 79
78 189
123 36
156 192
186 63
131 153
183 74
138 117
183 152
116 24
187 190
178 163
125 160
180 185
56 68
78 184
112 133
154 84
61 143
88 138
76 112
138 166
129 111
165 190
66 96
75 107
62 129
96 42
51 94
121 159
193 199
85 175
183 188
189 130
146 41
77 110
71 164
62 38
50 55
62 51
177 200
78 84
142 160
43 156
108 65
89 148
82 46
110 83
165 142
191 170
118 197
163 88
77 139
180 182
181 20
119 90
82 127
122 31
53 26
185 82
154 136
172 38
192 115
112 180
178 153
123 197
50 60
51 49
152 63
129 110
98 118
147 23
105 63
190 130
59 76
106 100
48 61
155 178
152 166
112 80
160 82
82 89
65 157
57 180
57 109
64 103
135 124
150 187
167 181
43 103
81 119
112 179
96 25
58 38
60 53
139 198
147 102
145 52
94 30
195 36
172 119
92 56
137 179
80 65
184 119
63 136
123 187
187 180
93 91
168 111
142 191
162 170
71 88
123 21
129 180
54 29
147 145
57 72
74 71
121 28
157 88
108 97
98 145
170 156
181 188
180 190
131 90
195 35
189 132
93 25
123 135
150 107
98 112
69 76
60 200
105 60
191 29
106 195
94 164
185 100
171 195
49 20
52 80
79 184
124 23
157 60
76 177
111 66
189 165
99 28
117 149
95 161
172 177
140 179
66 135
162 189
169 169
143 161
193 65
96 122
191 104
50 106
150 196
147 61
148 125
50 33
82 83
67 177
192 58
114 33
105 55
59 92
102 88
89 170
51 40
67 150
169 158
143 32
137 72
139 84
175 195
133 33
114 149
81 86
58 79
127 183
54 29
69 141
64 99
116 105
50 113
61 151
186 96
100 39
144 96
70 93
97 167
136 143
46 73
157 68
169 135
91 64
43 20
40 66
75 148
144 74
187 144
109 139
191 28
42 181
95 31
136 120
97 114
58 178
164 49
40 194
88 95
134 125
113 135
87 148
110 100
199 110
142 92
122 86
155 128
148 37
179 96
55 56
101 101
89 112
152 26
42 137
100 121
172 27
107 88
154 162
96 66
72 87
73 86
171 47
58 102
150 88
149 135
99 190
71 200
144 178
94 48
98 76
200 183
51 91
193 147
47 197
99 137
46 138
98 60
187 141
147 84
42 74
149 166
155 76
191 107
155 50
163 151
80 196
161 43
102 95
88 63
133 141
167 195
92 88
167 123
57 73
159 187
135 147
78 102
105 96
102 117
177 46
40 127
75 190
94 195
48 66
192 124
178 135
74 79
173 179
73 24
178 99
68 26
148 167
174 94
54 186
186 187
177 39
109 160
176 135
118 142
128 52
43 41
79 181
65 136
127 199
66 156
95 178
89 165
183 90
43 174
183 113
81 123
187 33
79 190
131 26
53 61
91 62
166 175
89 190
167 20
58 35
101 131
98 179
197 54
162 116
123 150
191 84
48 91
184 128
149 164
154 151
94 159
171 25
130 24
66 40
81 186
133 111
47 102
100 198
97 180
126 52
126 170
169 144
158 134
185 93
107 126
160 166
81 40
86 161
139 190
53 41
134 42
148 115
44 25
194 80
56 124
147 32
91 196
94 119
181 131
174 91
187 167
51 84
134 198
197 86
189 140
110 143
58 167
73 136
110 107
131 196
59 130
115 48
196 189
118 158
47 123
53 159
111 146
119 170
90 140
156 185
94 131
116 47
185 99
170 149
191 99
122 60
158 168
167 41
198 118
148 188
43 124
188 183
165 153
103 131
155 48
73 144
90 44
123 82
42 101
198 154
149 40
156 113
153 83
139 199
46 155
85 200
170 46
192 20
83 196
127 155
199 138
127 35
95 190
197 92
122 105
53 127
174 130
131 104
111 59
107 166
121 34
73 34
159 158
136 81
141 151
105 35
66 124
72 188
149 147
97 118
158 106
187 164
124 173
137 75
76 33
115 80
194 126
103 123
117 167
55 71
178 165
199 67
111 33
188 160
83 158
50 30
185 145
93 24
172 30
94 168
58 101
89 38
175 173
106 79
194 199
118 178
109 85
43 55
113 116
181 147
43 193
131 136
143 145
82 181
87 27
47 49
191 115
179 173
53 80
86 149
131 183
185 73
86 114
112 103
131 81
62 93
77 147
115 116
168 115
110 161
70 194
95 47
84 82
181 96
47 65
172 80
110 46
102 171
188 140
102 70
84 84
131 42
162 185
96 63
171 53
195 88
193 183
48 85
67 196
42 114
100 65
171 65
183 200
136 90
165 119
61 60
192 197
131 109
80 111
167 158
170 89
54 196
51 32
73 49
176 37
196 51
156 70
51 57
179 61
82 38
185 68
180 157
116 92
77 171
175 60
182 134
180 120
175 106
152 62
172 185
112 131
79 24
125 139
115 39
125 74
111 156
128 159
175 144
86 73
177 46
160 112
52 156
114 171
113 143
156 175
65 175
87 115
124 101
137 138
165 177
66 147
49 46
106 30
165 73
113 57
198 44
158 58
75 73
100 47
110 66
44 158
189 25
108 165
117 174
91 154
80 74
90 90
185 127
82 150
104 38
61 121
157 92
93 169
94 91
50 180
61 63
193 164
160 52
60 80
183 70
189 152
183 35
89 71
96 27
125 113
159 184
162 165
111 128
114 142
163 82
117 166
66 75
49 49
113 143
113 93
73 75
64 200
120 65
161 137
87 83
165 65
101 62
101 119
195 25
45 198
184 140
151 168
42 189
105 81
135 106
65 69
188 155
96 154
163 43
136 43
56 97
100 141
102 136
73 151
127 113
200 144
40 110
129 149
67 146
189 108
180 162
110 48
78 146
41 35
192 131
96 116
108 152
156 71
92 107
162 146
163 77
136 82
132 182
44 26
179 65
94 47
84 158
77 187
147 86
174 39
137 55
150 36
187 166
81 65
147 176
160 108
137 187
156 154
42 36
132 121
170 197
75 98
84 112
109 103
152 184
95 121
123 135
123 180
122 119
130 113
86 123
102 87
152 98
48 146
96 166
99 186
189 57
158 195
200 131
76 183
50 143
164 62
120 191
75 96
127 152
55 83
91 20
80 67
68 51
96 140
103 41
111 171
47 52
98 94
163 177
157 167
122 80
136 133
195 60
68 54
54 55
44 105
107 77
44 108
49 115
71 189
152 156
111 168
170 100
44 76
187 51
150 105
111 43
166 91
123 102
152 148
96 166
119 154
81 108
134 157
48 83
75 113
154 91
91 156
56 63
57 162
48 40
109 30
107 114
70 108
45 97
126 71
62 108
117 28
189 73
73 103
166 70
152 78
167 33
90 55
195 67
174 158
173 192
193 134
58 157
140 39
94 39
127 123
49 21
145 123
188 64
151 153
193 109
197 161
107 186
49 48
118 74
123 174
81 59
136 73
187 21
177 60
175 90
185 49
180 110
77 197
115 71
130 90
66 94
192 112
153 80
93 146
86 112
110 129
52 135
92 96
95 31
188 132
115 84
118 50
79 60
101 111
133 129
177 114
123 93
162 92
145 31
183 104
74 135
103 186
155 93
147 138
41 65
74 134
196 138
96 68
191 160
103 75
58 76
133 116
197 152
100 77
178 123
122 78
161 158
68 84
80 108
135 99
50 114
134 100
102 184
166 186
195 78
104 77
172 38
159 177
71 161
107 43
140 99
42 91
146 79
99 147
100 164
192 150
186 108
171 77
114 77
152 34
100 178
89 167
125 158
145 120
75 70
90 26
168 176
128 102
127 86
88 54
103 197
48 200
75 194
74 29
55 90
165 144
122 166
112 25
153 55
83 57
184 28
139 150
141 195
77 101
170 185
46 148
69 60
64 191
61 60
71 70
157 73
157 123
63 122
125 23
142 180
142 99
109 45
80 111
178 185
