43 171
156 132
142 144
180 165
72 73
76 107
163 153
115 23
86 95
76 28
59 186
99 181
111 196
173 72
172 135
178 168
184 177
92 89
41 37
83 28
65 60
195 44
162 124
92 157
74 26
88 158
86 38
186 124
158 144
139 164
74 151
171 136
173 82
68 75
43 157
140 191
167 66
171 122
116 136
145 84
104 144
65 48
136 121
57 44
158 187
56 83
44 52
195 128
83 155
81 48
48 200
118 131
197 189
82 151
174 123
49 71
107 181
200 123
179 36
136 104
106 33
183 109
63 23
185 54
198 38
186 49
74 126
124 38
158 51
109 173
152 92
92 100
163 200
64 184
51 120
92 183
127 24
52 119
47 68
147 167
115 90
120 77
161 68
140 26
105 57
127 160
120 146
49 41
60 78
105 127
146 74
62 169
120 116
194 40
165 195
124 53
160 97
48 110
104 131
181 144
62 111
133 181
50 142
184 73
106 81
197 159
55 76
127 191
94 139
138 142
63 117
48 189
99 147
173 62
145 194
189 98
125 84
152 118
198 195
86 148
54 141
60 179
174 167
90 27
137 126
165 90
110 60
150 20
86 124
82 55
133 114
180 167
114 71
59 86
45 51
149 62
116 64
136 182
47 104
176 41
80 167
147 116
65 21
166 199
103 43
105 35
186 58
90 121
65 46
128 191
53 107
110 102
138 162
71 57
104 79
109 108
81 68
132 110
167 99
78 148
113 137
45 152
125 145
88 35
40 32
148 45
187 106
126 32
179 26
99 175
185 124
181 183
193 47
112 23
181 40
88 36
86 135
159 127
155 144
186 20
93 111
128 158
175 33
192 183
198 184
168 141
178 84
115 53
158 142
176 83
149 60
54 84
173 90
147 155
174 54
186 166
48 71
62 86
70 93
186 169
177 157
57 187
51 98
113 178
192 109
153 172
67 57
108 85
69 194
173 141
106 27
145 105
100 31
160 54
131 71
197 47
59 139
180 69
169 99
191 126
70 146
172 132
113 92
73 180
160 36
149 125
178 174
89 76
93 54
41 173
145 34
86 103
107 52
52 125
178 149
125 157
80 34
52 131
179 62
48 132
102 84
174 167
90 111
113 111
148 63
91 115
84 146
69 27
125 152
162 161
74 27
51 56
112 175
163 190
148 22
199 32
155 74
194 157
59 139
83 97
87 36
72 103
111 182
86 150
62 118
146 116
191 35
197 73
157 196
153 172
57 179
53 146
67 82
57 41
82 147
93 112
150 93
178 46
127 193
111 64
124 73
113 174
69 140
176 162
185 27
128 155
97 167
85 52
92 95
42 178
65 120
171 95
42 145
134 192
166 121
168 87
189 105
149 50
170 164
90 40
159 175
67 52
59 67
169 119
177 159
119 110
67 138
149 105
120 93
113 158
115 83
175 196
85 126
64 194
185 101
73 151
181 101
113 60
78 79
77 162
73 107
130 62
124 110
52 123
65 157
82 90
178 77
60 104
104 188
188 192
118 60
146 119
133 127
147 89
193 108
123 150
193 45
60 88
68 85
49 71
188 147
53 25
131 106
174 87
146 132
81 45
180 152
168 189
176 21
74 57
72 143
133 152
186 81
127 96
150 109
82 145
141 108
199 23
173 120
110 146
199 187
96 24
111 38
85 148
154 51
134 27
137 68
194 39
175 195
143 152
199 105
84 139
160 96
167 154
54 83
82 87
178 47
191 149
46 47
138 105
65 163
190 43
40 125
133 34
49 149
121 146
161 99
106 86
129 109
197 46
44 145
170 32
174 80
115 176
156 200
71 169
123 155
73 34
67 33
128 133
113 160
109 189
191 127
197 191
191 61
136 32
91 192
176 167
192 199
79 187
136 28
159 140
163 104
188 197
70 109
199 164
86 126
123 24
60 172
47 82
194 69
58 145
167 139
84 26
182 120
152 128
111 142
113 150
109 49
96 108
167 44
161 197
179 181
118 73
165 129
173 198
158 135
120 34
103 79
155 79
177 139
43 188
98 112
165 29
106 57
164 20
157 60
59 85
94 148
60 154
116 114
171 155
133 74
130 23
170 53
187 185
40 114
170 43
126 127
119 75
169 93
116 43
61 147
49 83
107 96
70 68
110 156
45 48
181 167
190 115
85 44
109 138
171 138
117 107
72 38
81 130
158 55
172 129
47 43
87 113
145 98
137 79
91 110
112 24
58 96
94 43
178 85
90 30
199 99
104 52
62 93
199 93
70 112
56 50
93 154
164 65
44 158
184 163
187 82
146 87
56 51
99 25
107 93
43 175
52 23
76 84
85 40
77 198
116 159
180 160
149 70
190 173
87 158
47 63
196 82
91 123
106 54
126 152
110 130
60 54
74 117
187 145
118 190
113 105
189 160
70 30
52 102
94 179
80 58
190 46
166 63
195 94
117 163
87 85
47 124
60 31
179 28
56 81
170 149
94 181
177 99
92 75
169 67
62 44
191 146
91 122
139 177
111 175
128 93
178 125
137 157
194 153
108 93
99 25
80 180
114 108
187 121
129 125
186 54
153 169
134 177
172 65
128 77
127 50
108 35
48 78
141 24
147 198
100 53
55 153
123 96
122 50
163 177
102 168
145 147
109 85
164 171
133 101
165 53
122 47
135 55
54 42
191 152
190 67
44 197
118 78
174 27
67 199
98 51
115 114
168 125
166 115
199 168
192 131
139 188
105 172
81 85
165 173
55 185
62 63
57 70
123 50
115 101
156 178
87 200
68 61
198 149
144 128
185 199
71 108
144 113
121 106
126 128
71 111
151 130
44 34
139 86
146 29
106 132
75 28
169 154
64 117
195 189
60 94
82 119
100 166
75 150
142 99
172 160
41 42
196 178
100 92
115 183
194 139
117 127
162 129
108 58
93 192
140 29
68 29
110 95
187 52
120 64
181 115
151 62
111 195
70 190
85 90
45 135
70 90
115 180
185 75
186 192
60 85
145 54
45 69
79 153
67 171
137 150
114 33
111 119
133 171
105 46
144 128
192 22
156 108
113 102
91 134
114 65
132 160
89 83
100 145
139 185
169 141
191 198
155 125
187 199
110 69
108 97
69 71
176 104
126 60
52 194
58 131
108 84
45 125
64 104
65 196
92 198
199 173
140 21
186 64
81 94
59 174
197 160
195 152
152 190
80 52
114 101
92 160
85 123
73 88
121 45
197 31
134 64
101 52
188 122
99 41
77 54
173 183
133 167
112 179
85 190
146 28
130 20
60 185
89 54
191 23
192 196
173 66
179 136
140 54
193 137
194 167
140 117
76 164
153 63
122 22
116 167
164 115
42 142
54 74
114 144
128 114
65 127
180 22
44 30
162 149
140 85
172 94
67 64
121 106
176 127
186 59
100 105
184 37
86 109
108 157
181 180
40 110
41 168
101 121
79 69
50 46
151 47
175 193
128 117
65 121
67 99
108 41
119 154
79 119
180 22
78 177
184 112
156 194
81 190
160 184
189 168
73 59
77 77
162 51
49 44
62 134
80 135
191 137
102 76
65 162
139 65
95 67
189 171
63 110
104 42
105 88
72 36
146 185
90 159
131 187
49 23
66 91
194 106
121 57
147 75
139 84
137 29
120 99
95 169
156 27
198 186
178 144
78 162
51 111
68 32
80 165
78 99
125 48
131 101
157 20
57 176
129 59
187 54
61 149
83 106
122 71
61 135
180 50
168 143
188 174
86 200
154 120
114 104
59 155
76 127
143 134
186 171
98 194
159 76
91 177
190 166
151 152
145 129
86 186
106 21
124 65
45 112
130 124
147 142
68 165
81 126
65 170
67 44
82 177
153 117
158 141
41 158
163 137
174 107
78 174
175 107
116 138
179 125
79 160
165 185
147 92
169 25
40 88
151 72
155 181
81 149
91 149
66 167
124 30
107 27
129 91
102 121
110 47
175 153
186 127
132 83
146 127
177 38
130 176
176 186
182 187
56 172
90 43
162 43
139 179
80 50
199 156
175 138
71 71
160 88
98 32
145 85
40 40
72 196
123 158
40 192
56 107
57 58
110 124
137 52
103 29
148 91
120 49
172 169
146 83
49 23
92 29
146 144
93 189
48 98
190 32
108 32
109 31
54 155
144 20
73 111
153 130
162 128
172 143
116 125
168 29
120 169
124 181
78 187
52 65
199 192
139 100
156 195
71 173
188 140
47 33
137 175
178 41
71 127
133 92
121 55
197 121
86 73
196 134
159 66
176 146
132 160
41 140
86 93
50 199
178 146
139 182
163 179
102 126
126 94
198 22
87 115
56 66
77 164
136 68
191 163
71 137
135 98
40 119
144 128
184 20
52 195
134 24
118 138
103 80
177 30
196 155
116 188
141 76
153 157
41 83
121 199
138 45
46 147
152 21
54 141
122 88
119 139
198 125
127 149
184 167
77 152
167 108
190 194
168 190
128 165
44 97
172 106
154 169
174 38
140 61
117 191
72 38
96 105
111 35
137 103
121 142
198 147
143 39
117 110
125 140
179 78
168 130
110 58
155 75
96 102
166 156
81 145
56 40
158 130
108 148
89 174
101 25
198 98
145 167
61 28
148 63
54 197
44 174
56 109
131 70
103 113
124 33
72 83
43 178
114 62
66 58
74 196
87 37
199 23
84 42
48 41
157 69
151 62
145 68
134 137
120 195
192 171
84 109
44 150
128 83
199 60
108 196
168 143
129 139
132 125
138 140
58 71
108 129
194 147
88 176
180 94
123 114
197 96
197 157
174 130
172 78
165 70
43 45
142 25
198 157
192 78
91 54
124 123
46 91
125 61
54 89
66 70
133 161
66 160
82 143
167 149
197 179
66 147
200 21
149 106
191 141
95 82
134 23
159 57
165 176
165 173
156 77
62 104
108 40
43 40
69 177
41 153
171 105
172 161
41 103
144 128
75 89
117 83
116 30
163 166
179 135
185 125
135 136
196 48
146 191
193 98
129 33
173 148
135 26
199 26
62 97
79 181
145 196
90 112
71 73
102 73
56 106
159 56
53 62
167 184
177 183
159 74
154 147
149 196
117 97
105 90
53 102
121 165
60 24
113 194
60 82
43 129
136 183
148 180
194 43
200 86
130 115
81 35
129 115
129 44
102 194
56 38
113 48
111 49
62 136
99 182
120 123
147 186
200 160
42 171
171 164
169 144
166 144
182 29
75 105
49 29
150 38
43 62
173 192
184 75
151 142
137 162
107 103
189 43
157 112
71 20
157 45
79 55
84 107
67 26
150 99
122 42
42 38
113 28
83 111
147 75
114 161
85 128
139 43
153 94
45 84
113 143
115 116
136 20
141 22
102 134
189 93
48 188
136 124
179 20
41 110
42 174
44 158
129 42
193 22
157 81
121 175
71 155
50 111
78 147
151 192
176 140
82 64
62 140
147 122
40 46
144 58
97 95
169 114
55 175
193 115
138 21
148 46
173 160
179 136
69 134
53 58
83 122
55 163
151 81
66 29
70 102
123 32
60 130
84 80
60 140
45 86
88 46
146 99
147 134
127 191
154 30
73 66
187 169
106 169
108 169
191 38
92 161
131 90
79 193
123 43
181 101
111 92
102 58
197 191
70 103
198 178
158 140
107 49
93 21
101 150
134 31
156 98
104 124
107 23
60 48
68 160
62 101
171 110
62 187
78 146
132 147
76 68
117 44
45 189
69 74
145 124
85 183
115 100
195 128
90 76
51 122
183 167
174 36
120 86
82 93
51 78
116 120
88 170
43 60
114 193
88 57
132 117
184 23
176 85
194 60
150 131
91 85
185 97
145 154
74 129
76 195
160 57
174 148
52 112
45 163
42 130
197 33
90 40
114 28
159 22
128 57
152 50
60 145
194 175
172 73
161 32
177 54
159 157
185 62
87 131
152 196
166 46
156 86
149 129
119 94
66 34
59 142
153 88
57 72
158 143
197 52
139 65
141 77
175 97
65 135
125 31
188 176
181 125
99 199
58 29
74 29
111 180
121 30
75 173
145 132
69 59
83 51
170 68
130 42
137 34
52 81
188 162
60 28
75 184
131 197
75 30
153 73
101 174
118 68
77 176
148 135
127 38
106 142
189 55
76 26
179 135
63 74
107 32
66 177
160 188
181 163
167 76
193 183
149 93
133 139
68 76
112 130
103 158
74 70
165 137
140 109
83 61
48 194
185 142
55 20
118 144
49 23
118 119
191 50
78 150
124 123
200 45
118 95
159 99
195 106
195 58
164 69
158 136
157 179
53 127
46 71
188 128
187 187
52 56
63 42
119 60
41 31
98 191
161 60
185 20
153 45
121 190
158 45
109 156
145 163
111 20
151 22
89 191
133 140
105 135
141 173
77 60
75 128
188 62
120 186
80 127
103 146
122 21
50 139
87 187
143 85
194 21
112 50
141 96
159 29
105 117
116 87
115 26
77 183
159 105
53 176
76 188
47 178
97 62
131 93
88 138
184 45
46 121
123 26
175 23
187 167
79 56
50 195
156 178
154 124
199 121
95 183
120 101
129 170
127 89
189 65
116 40
167 58
136 152
139 194
47 26
183 153
71 23
69 69
98 143
59 26
47 136
197 183
123 147
131 172
180 106
153 146
51 188
151 49
82 191
120 182
91 81
105 134
193 118
76 200
152 88
60 162
147 148
166 91
79 162
64 180
128 28
99 54
172 113
119 50
110 47
118 89
142 160
54 187
102 170
148 25
128 122
54 60
64 81
173 44
66 145
157 142
184 68
168 131
153 137
128 64
183 57
161 54
176 173
52 62
64 20
146 189
181 81
106 142
135 32
179 57
116 107
179 78
133 68
117 111
68 57
114 73
65 117
175 87
172 113
67 49
173 174
172 45
89 107
109 114
152 189
99 188
177 74
90 108
161 151
86 44
133 164
54 44
137 131
158 52
79 77
139 162
176 84
86 128
195 87
190 168
55 74
172 136
52 187
134 156
167 189
103 103
59 75
198 198
75 55
131 134
75 70
128 34
167 28
44 121
130 61
183 142
92 31
40 123
192 81
169 157
198 138
89 32
95 131
165 31
54 128
151 155
103 103
85 194
80 136
150 118
45 39
177 121
101 102
145 89
52 88
169 174
73 53
193 21
45 148
115 149
150 173
137 91
159 74
49 129
137 38
136 82
157 76
153 57
125 93
195 179
120 47
73 94
150 22
192 136
178 173
58 21
166 122
112 137
184 33
108 113
108 101
183 76
47 124
99 83
53 96
83 193
181 136
89 95
50 58
68 58
162 149
66 104
185 66
182 27
110 150
87 182
76 80
129 31
170 99
69 49
158 159
130 95
118 199
71 166
122 51
78 52
60 187
126 70
54 117
159 92
57 49
54 79
48 176
193 94
176 165
76 64
191 180
178 129
68 44
188 126
161 180
129 187
94 47
118 126
42 176
123 79
62 121
83 25
62 125
170 80
176 183
149 88
97 57
104 116
180 38
69 180
96 162
87 59
124 183
157 135
128 99
161 118
46 179
166 169
171 38
90 69
154 153
40 46
40 102
154 179
74 103
103 152
124 77
90 74
51 82
137 30
129 33
82 178
157 122
187 85
89 149
141 22
189 120
163 59
64 22
165 175
70 30
51 99
105 181
169 94
134 32
151 132
79 193
123 115
71 118
75 115
174 176
107 197
136 41
73 134
137 97
69 43
132 113
62 196
196 160
155 149
109 51
129 139
153 75
195 98
63 52
55 100
177 77
152 92
128 166
179 164
151 141
181 94
154 193
40 122
77 194
125 151
135 46
90 167
81 54
119 96
189 72
182 40
179 91
92 126
122 32
67 151
183 102
164 129
180 48
60 62
94 107
179 184
200 57
93 107
111 180
116 114
74 172
153 105
132 92
99 57
194 20
110 28
182 74
155 177
125 41
173 177
40 160
188 135
63 27
173 101
159 53
85 126
116 162
146 36
155 167
62 81
194 112
94 108
113 193
92 26
186 141
70 56
151 140
143 62
135 155
44 93
123 145
61 157
68 157
84 41
136 47
101 155
195 156
178 73
76 147
168 24
82 60
198 24
137 155
119 131
123 119
147 117
107 71
164 195
129 162
198 100
156 47
146 142
198 44
114 103
120 70
49 91
155 169
172 200
133 163
129 138
127 102
46 184
123 96
79 196
135 98
65 61
154 92
62 168
133 183
119 109
182 139
125 151
105 56
149 31
119 75
55 162
92 170
156 107
71 83
155 35
170 70
128 59
108 114
112 150
81 184
196 118
51 200
186 65
133 168
63 114
169 163
190 152
111 41
187 46
162 116
130 149
159 39
67 162
129 162
55 123
93 23
79 112
141 129
128 90
57 42
178 95
124 57
127 63
100 156
177 184
159 36
119 97
117 71
141 95
164 126
167 164
47 87
125 197
120 30
133 200
181 175
83 175
181 32
81 146
180 116
166 42
151 116
142 106
152 180
123 23
144 163
111 170
67 191
99 57
182 140
126 51
195 118
99 137
200 86
97 35
118 121
111 21
139 91
179 142
167 93
40 50
81 124
75 183
165 124
181 142
59 116
152 124
119 79
178 167
79 157
194 128
108 117
134 108
178 170
145 121
148 183
58 133
43 40
117 38
157 190
196 178
109 153
184 22
196 114
140 117
107 125
101 54
138 81
67 167
69 66
156 85
49 78
90 116
171 134
98 190
69 148
192 156
191 86
172 150
155 78
198 57
102 54
142 141
55 85
106 20
177 51
64 52
197 112
78 160
126 197
191 133
181 72
136 198
138 92
189 77
131 94
90 177
143 49
116 97
49 86
70 139
128 137
157 151
148 90
163 180
140 29
94 158
46 68
70 30
116 192
140 134
77 90
65 79
114 103
107 121
71 93
57 149
179 68
67 36
134 165
53 196
102 183
131 85
86 87
91 117
89 29
133 95
47 21
127 165
136 186
193 33
50 196
66 48
67 68
71 144
134 185
120 183
193 52
102 131
180 22
89 189
110 200
83 176
145 70
139 69
64 155
135 101
120 173
134 110
169 177
54 74
119 139
97 128
156 56
161 24
71 60
59 41
161 60
145 136
91 45
158 183
185 47
164 91
75 113
59 31
117 194
148 181
96 91
121 141
143 30
86 82
109 190
95 188
173 197
151 191
126 115
156 184
67 133
183 170
172 59
182 132
125 87
47 26
42 171
92 127
156 46
92 111
89 92
159 158
88 173
102 190
101 89
170 184
84 88
156 124
130 194
85 110
149 54
195 116
163 32
177 100
71 66
196 159
141 39
60 199
185 69
135 91
121 55
90 93
138 189
79 139
62 199
112 110
106 155
59 127
126 98
172 120
107 147
130 36
119 116
198 164
164 151
159 80
73 170
177 168
45 105
182 182
160 37
136 26
80 86
89 83
181 47
179 104
169 192
113 107
68 24
121 114
110 76
61 162
47 114
79 144
48 180
146 124
184 185
123 171
164 121
128 103
89 97
195 90
72 37
159 145
43 26
93 64
170 47
77 121
185 32
170 186
195 77
40 161
104 123
123 199
95 112
136 184
139 106
86 53
159 27
158 50
165 85
89 173
152 187
117 147
80 170
141 99
100 170
92 198
118 48
148 152
184 170
43 156
51 136
200 37
167 105
51 26
88 87
54 106
55 106
105 143
43 104
55 85
100 186
43 75
70 83
146 164
177 24
144 171
122 54
100 28
114 140
83 78
41 114
58 179
135 126
181 30
182 137
149 76
152 49
84 91
182 30
114 118
106 189
178 182
139 50
70 65
161 70
66 35
102 165
88 42
195 195
95 35
79 72
122 22
118 137
76 119
157 158
90 49
117 109
42 88
60 106
174 76
73 37
57 189
148 127
184 132
133 26
128 160
72 99
51 190
61 128
165 151
190 104
62 142
179 133
128 163
56 81
112 161
61 34
44 119
141 62
133 57
76 177
118 96
89 169
177 120
159 159
116 45
47 101
167 68
76 125
97 79
84 160
194 151
74 194
69 185
71 153
139 128
45 110
61 171
172 182
44 43
79 89
80 178
187 86
127 200
70 92
68 143
103 180
52 102
156 60
142 89
158 72
65 49
94 144
141 27
108 117
59 199
105 20
149 123
109 148
162 152
52 103
139 198
131 104
142 28
88 124
188 162
123 160
133 129
123 67
146 128
114 105
73 34
200 146
117 100
75 48
75 183
167 30
153 132
60 21
77 49
67 147
163 198
163 130
42 178
87 95
149 169
79 174
69 168
45 88
127 187
129 46
110 151
101 108
148 44
168 108
137 21
181 195
51 153
161 86
140 179
81 113
183 43
174 169
155 154
97 99
79 130
138 149
136 73
135 56
155 132
125 75
44 66
49 119
67 24
89 116
129 89
195 69
65 33
106 44
192 190
200 105
150 89
73 130
195 157
48 161
84 159
41 122
180 140
137 41
160 95
162 141
185 155
51 58
114 106
72 20
161 48
104 59
142 135
150 124
106 150
51 135
97 165
116 83
176 78
85 41
69 129
156 58
67 138
99 64
163 126
145 144
69 194
104 134
157 90
41 50
200 92
55 133
62 56
57 116
121 126
92 23
142 124
126 109
82 85
77 108
150 121
86 135
128 146
89 61
113 39
96 57
183 135
184 55
132 50
119 174
101 193
84 28
146 179
196 168
121 164
142 73
74 145
114 188
82 32
124 175
89 151
80 196
194 74
185 76
101 29
177 180
141 72
157 112
102 192
88 93
59 102
76 156
56 28
71 105
62 122
161 59
66 131
125 123
149 107
157 151
51 93
171 121
199 167
95 148
184 199
93 156
197 24
62 105
118 87
67 142
177 59
174 154
75 62
116 156
142 175
174 177
96 104
74 103
159 96
187 134
162 195
182 65
164 180
121 127
126 157
51 187
95 131
93 101
140 186
48 182
55 137
187 103
91 122
195 79
156 35
47 175
120 128
87 78
143 107
128 198
171 22
182 46
72 36
184 100
117 83
191 139
172 103
156 162
117 85
188 114
155 54
155 102
80 177
149 83
102 96
184 58
175 69
67 45
71 28
89 110
117 141
169 131
107 138
197 152
42 33
83 138
157 158
54 36
53 159
162 89
112 155
167 58
103 60
127 123
150 46
105 139
136 28
145 79
190 51
126 159
190 47
186 37
166 140
200 26
148 79
61 38
198 40
71 142
98 167
75 134
82 72
126 66
54 93
78 78
53 70
168 93
80 69
88 64
144 169
141 184
102 58
63 177
173 21
56 139
47 163
67 70
152 137
47 194
165 33
66 78
99 82
123 148
82 161
96 56
187 196
116 21
67 132
72 109
174 78
120 162
123 173
161 86
137 84
192 173
182 144
173 158
151 110
42 159
59 46
44 174
70 167
183 162
142 112
199 127
111 196
52 175
142 188
175 38
100 115
197 66
151 61
151 20
73 110
77 99
118 116
73 127
191 20
181 73
89 94
179 194
180 157
194 39
113 178
130 152
181 50
138 197
81 193
153 120
168 184
102 136
89 39
132 123
161 194
104 121
151 131
133 57
114 21
68 61
82 180
128 29
75 75
155 69
126 62
143 191
137 31
179 144
150 67
142 164
61 144
127 189
102 93
69 173
142 21
171 155
181 87
112 187
48 44
110 90
88 69
91 101
168 49
106 65
116 51
64 130
142 196
80 42
77 50
169 197
197 177
43 94
133 158
180 91
102 35
145 57
126 108
189 55
179 33
51 172
62 80
164 37
198 78
110 22
144 70
163 76
173 28
92 105
174 144
193 26
49 100
102 25
146 103
90 142
106 46
54 97
115 113
84 187
85 87
67 52
198 108
117 58
168 84
132 122
114 73
79 47
84 187
137 48
63 55
124 90
198 104
52 79
78 195
48 110
194 55
99 49
190 196
200 155
66 126
165 195
117 180
169 161
115 121
42 44
106 29
185 29
45 51
67 74
150 143
76 86
126 139
190 187
87 111
162 112
76 79
51 23
42 24
177 38
81 144
150 94
176 157
161 24
79 22
157 112
82 72
158 170
155 185
59 179
189 73
164 25
100 75
65 44
81 24
172 192
132 170
135 71
61 117
75 83
190 149
64 92
200 39
184 32
104 193
115 191
141 22
89 81
155 38
143 194
161 49
158 186
154 180
127 36
114 86
63 54
135 132
84 24
180 106
160 153
58 84
126 78
42 171
122 85
132 120
81 31
85 134
68 89
44 161
179 155
88 20
59 184
51 128
193 104
57 73
66 179
184 122
123 195
79 55
46 153
118 112
74 41
118 143
165 30
162 65
174 123
190 136
92 111
54 72
158 165
66 115
154 69
109 155
192 195
45 51
70 51
116 45
132 168
53 30
84 174
185 69
169 78
196 32
68 189
171 162
53 199
153 183
200 100
134 172
64 76
76 60
93 25
153 132
113 158
138 159
56 120
75 105
174 57
53 69
168 30
87 45
187 109
106 150
106 75
132 177
46 21
196 152
136 74
60 35
184 181
165 47
141 193
103 39
123 167
94 164
91 75
135 134
73 146
199 157
87 173
67 108
181 56
131 113
46 129
147 95
109 90
84 200
75 108
175 89
84 22
147 151
43 71
47 36
179 146
174 52
68 164
116 127
177 160
168 44
111 53
101 24
45 108
131 25
44 24
179 144
126 103
161 45
57 198
122 73
167 122
102 42
161 160
179 67
77 87
166 175
47 154
83 111
48 33
129 200
199 80
49 95
182 46
152 29
54 95
124 106
186 179
45 70
99 108
80 189
136 80
61 48
166 57
74 38
175 100
61 78
113 96
197 130
140 41
46 150
175 133
74 64
103 75
78 126
91 190
47 93
169 62
76 45
79 61
91 163
103 87
156 46
93 61
166 96
148 189
93 86
49 45
148 106
181 45
113 138
86 35
143 115
143 40
149 97
42 86
86 117
167 101
131 33
136 69
172 151
68 127
127 64
147 170
177 143
122 56
136 163
109 21
142 79
110 55
47 160
67 83
44 170
59 42
193 34
59 73
147 169
182 25
56 99
96 187
152 71
54 200
51 34
148 182
93 200
170 72
89 69
76 190
171 135
162 66
105 53
93 194
48 187
162 84
51 26
141 161
135 117
42 34
166 139
99 155
162 85
177 52
197 158
55 139
71 78
171 146
173 41
130 194
180 186
61 137
156 132
104 133
175 166
74 91
146 116
54 172
70 148
91 169
40 42
103 98
50 75
76 79
53 181
142 55
155 157
99 49
104 175
163 111
182 59
166 59
119 24
161 31
72 25
85 142
74 113
110 28
162 27
183 70
189 121
93 192
120 181
88 105
178 75
89 30
158 174
177 21
75 180
120 152
84 163
122 159
146 169
197 168
151 32
113 56
71 185
83 44
53 102
190 163
72 95
52 30
73 62
193 107
84 173
165 128
144 117
123 51
151 22
128 140
61 42
200 113
79 91
60 37
84 101
187 124
186 78
49 50
158 117
121 108
123 98
129 117
81 84
48 87
138 147
98 69
91 61
150 183
169 67
98 163
104 37
134 171
123 161
177 150
157 159
139 122
118 141
85 33
183 183
101 49
112 176
119 167
76 30
147 96
47 50
63 37
101 56
112 31
186 117
160 179
182 190
179 172
102 42
62 193
106 86
85 124
42 90
140 72
179 111
142 163
118 117
160 176
47 22
48 47
50 69
103 125
67 164
141 182
91 33
189 26
160 191
58 72
146 175
165 40
109 68
142 61
157 66
183 136
173 37
77 104
102 121
68 133
78 125
41 143
150 25
158 20
79 70
148 35
180 199
178 178
163 97
132 70
114 117
98 89
199 83
176 88
175 137
133 165
189 68
93 160
49 142
174 72
41 146
160 111
118 156
197 116
167 39
155 156
74 33
123 168
104 200
70 90
73 24
107 129
148 44
132 193
68 38
151 137
68 31
133 69
92 77
51 139
76 115
129 150
138 37
43 168
183 117
102 194
65 189
82 182
122 179
160 135
140 88
105 188
154 151
171 52
196 60
133 156
65 26
144 135
190 168
139 22
175 153
100 194
84 195
165 149
192 99
186 119
192 198
68 107
198 83
120 86
189 96
77 116
89 149
167 183
193 32
75 48
144 160
159 85
112 82
67 146
149 40
191 73
160 32
49 62
127 188
132 165
169 122
200 119
77 184
40 26
150 78
153 84
165 106
141 81
138 89
138 84
151 177
120 29
114 172
85 82
51 172
109 68
150 196
75 100
178 95
162 78
95 67
176 190
95 36
151 143
189 23
137 25
89 29
47 149
181 184
62 54
60 93
141 115
176 77
69 40
80 39
185 36
84 153
134 29
81 46
168 35
63 83
157 158
113 107
53 175
49 144
133 139
104 87
197 101
105 192
188 80
168 98
88 80
164 131
66 143
70 119
64 66
129 198
185 103
109 102
115 147
115 190
42 137
187 49
41 185
127 109
155 125
89 33
105 194
153 81
69 121
97 135
124 24
116 138
170 42
168 123
96 99
145 95
160 167
173 184
119 135
127 109
44 128
63 119
89 198
68 34
88 134
58 29
43 77
171 134
177 154
151 118
47 50
177 43
94 184
97 89
54 124
156 78
78 173
48 89
116 171
62 40
126 36
73 100
142 112
99 102
140 71
149 115
66 25
99 198
145 121
191 70
71 120
118 115
181 166
176 65
183 98
106 51
119 84
150 40
93 113
64 195
40 99
182 175
83 145
194 20
194 127
134 159
49 91
89 20
198 188
145 86
70 78
198 53
137 154
190 133
179 130
174 25
51 58
192 36
195 53
85 94
66 174
170 178
85 149
162 49
170 81
182 45
108 29
189 26
174 136
105 63
108 118
188 67
175 40
83 181
197 181
164 171
95 27
77 47
112 174
79 181
41 36
51 198
131 92
117 78
94 49
158 113
198 153
118 90
109 55
131 87
107 71
188 79
87 51
172 26
84 178
98 137
59 23
200 167
131 140
128 43
154 178
193 161
104 57
56 100
199 37
128 138
55 75
121 54
82 111
154 98
143 119
166 127
187 50
120 160
189 167
62 178
85 29
180 185
41 141
56 154
133 196
135 88
85 118
185 176
130 124
187 131
110 65
184 63
71 76
192 138
62 198
127 185
114 85
159 38
81 109
113 175
100 57
122 48
50 68
63 83
140 147
114 137
176 119
190 114
95 185
52 50
104 47
168 70
108 178
144 142
86 191
187 69
95 82
105 28
170 21
185 74
41 184
57 28
76 112
163 100
172 133
196 176
93 75
112 93
70 96
198 166
147 88
91 187
65 152
155 181
142 164
70 42
193 181
85 27
175 160
84 133
102 151
94 45
53 94
122 58
147 31
161 66
161 40
96 49
73 43
115 173
113 87
130 168
150 90
90 158
42 191
104 63
188 32
92 66
96 118
93 177
155 200
177 126
61 124
97 97
45 39
58 70
130 78
113 76
93 196
100 67
71 144
65 34
85 97
125 169
92 102
141 87
95 188
166 142
80 32
148 103
118 30
144 91
81 33
182 94
123 22
156 164
136 25
60 85
77 22
107 172
130 57
173 61
54 103
64 101
118 111
188 122
118 37
114 54
75 120
165 183
194 53
96 107
87 134
115 165
98 141
88 176
168 30
77 158
102 101
194 120
45 125
120 131
119 135
124 150
158 156
177 119
96 170
126 121
69 123
147 140
81 69
97 124
107 190
104 131
154 186
175 186
44 24
152 173
80 78
159 50
69 86
135 103
106 44
76 73
52 70
97 197
158 99
143 175
59 56
190 174
52 25
47 131
114 186
136 140
119 131
136 41
76 91
41 176
99 158
146 137
177 24
191 168
186 157
174 103
173 188
73 143
144 185
116 117
189 94
122 21
116 156
166 132
132 152
126 159
175 146
110 73
55 200
124 143
188 141
156 56
139 74
66 135
172 180
85 59
100 131
189 114
120 190
83 194
63 35
188 74
136 178
188 161
197 104
78 160
74 95
161 154
144 69
177 192
115 33
157 115
59 160
116 155
178 94
119 72
142 136
74 94
183 191
117 171
50 44
124 89
89 35
136 171
109 98
151 81
50 85
173 86
145 42
64 112
51 194
80 125
85 80
128 175
150 171
136 131
122 114
180 152
141 135
166 81
162 79
153 191
139 83
185 44
124 145
104 44
123 35
174 115
169 41
50 144
146 61
172 144
116 177
74 119
109 190
165 168
170 174
138 45
79 108
45 184
67 39
170 37
147 114
176 25
159 166
161 154
63 191
81 99
91 163
147 105
91 62
69 69
165 152
99 73
194 76
197 29
70 157
132 102
87 58
150 184
109 40
40 163
149 62
153 72
64 173
59 53
137 63
83 68
93 133
141 111
82 56
52 114
80 191
125 186
51 42
117 78
76 120
192 90
97 176
49 23
49 62
150 186
197 115
183 131
107 148
62 156
41 55
190 118
63 175
131 99
111 99
114 161
151 114
47 65
108 195
129 130
144 21
114 122
173 36
91 138
118 191
175 186
151 141
92 129
149 60
131 156
175 45
68 183
125 109
129 197
146 174
69 143
182 96
179 193
82 125
120 135
49 119
56 163
71 200
65 169
103 23
137 147
149 174
144 181
123 197
48 180
161 72
86 26
147 125
67 136
60 74
161 21
57 57
104 30
195 115
152 113
196 143
98 122
81 167
89 30
50 192
161 63
91 168
41 187
122 145
134 28
85 38
143 184
83 147
98 199
184 104
53 187
197 157
48 88
192 78
129 149
62 72
133 95
103 96
200 145
196 101
185 27
42 159
158 34
78 95
75 136
52 118
56 97
42 82
152 110
42 120
51 130
159 119
105 153
102 27
103 164
90 76
159 30
191 72
57 159
123 24
40 117
199 155
46 82
59 178
101 114
142 153
51 109
114 185
150 198
46 93
40 152
106 97
192 133
187 110
146 50
54 184
177 156
138 93
194 20
141 127
91 101
54 66
188 115
72 175
112 198
92 56
77 121
178 60
127 61
111 97
145 83
170 126
84 191
80 139
185 130
109 82
168 181
61 109
40 128
40 20
53 63
86 21
44 142
130 175
75 166
40 154
115 51
96 44
94 58
143 47
112 198
189 161
67 196
161 174
142 142
116 182
124 187
178 90
123 76
110 29
122 54
164 32
117 61
94 98
77 164
46 168
107 134
159 94
90 55
147 60
55 155
71 115
150 164
165 176
94 175
91 53
130 171
178 138
147 167
122 31
188 132
66 186
76 116
58 120
53 89
46 87
119 128
97 174
140 130
114 87
167 108
120 119
170 127
40 111
68 38
89 33
121 178
166 64
52 196
151 80
64 132
154 82
198 133
72 166
179 195
147 136
135 113
142 96
67 179
147 119
150 167
173 162
187 130
96 124
64 99
65 167
107 97
88 57
48 67
80 198
162 179
47 84
121 55
155 37
111 125
95 181
65 113
41 75
143 148
105 193
123 67
135 129
132 63
199 145
169 158
97 118
78 32
93 75
66 157
85 37
61 84
97 150
68 108
114 152
76 82
186 188
158 117
143 77
196 58
96 40
162 71
166 130
78 33
175 30
83 25
114 32
104 122
97 164
61 167
149 27
65 122
114 76
42 151
106 46
99 129
96 61
183 160
78 116
149 185
167 166
160 191
87 129
170 82
70 75
183 163
125 30
93 104
178 195
134 172
120 58
111 194
149 36
131 66
81 28
168 73
91 72
55 155
100 144
171 74
82 165
45 166
192 66
139 151
124 127
127 173
154 165
130 121
67 75
40 71
55 34
52 169
112 121
60 129
88 150
83 136
168 24
183 57
80 191
104 115
103 38
139 137
171 151
49 54
200 164
192 122
71 140
196 66
48 116
117 163
42 45
139 194
195 38
167 142
97 160
191 88
64 44
139 200
113 81
190 175
99 31
106 148
61 181
62 77
193 130
169 126
192 57
72 68
83 145
123 146
53 59
64 164
83 105
138 144
122 24
107 194
148 22
54 103
63 73
54 137
74 75
192 189
157 176
111 40
133 137
62 41
58 126
73 65
161 89
41 200
94 109
134 59
128 21
106 39
197 23
143 50
52 25
55 41
70 121
145 173
174 178
100 139
111 152
65 47
131 85
189 32
58 39
176 186
71 71
111 71
138 179
49 121
121 93
88 103
166 128
190 93
127 167
45 21
105 114
107 127
71 55
103 145
70 150
136 24
144 79
59 84
142 119
104 26
140 176
102 78
185 124
99 126
150 35
50 125
54 46
192 29
170 76
134 143
101 121
136 176
55 102
100 83
167 91
68 187
197 113
74 153
142 189
139 73
194 141
157 26
45 25
45 199
89 54
171 65
73 193
136 158
131 195
196 39
127 104
148 187
180 107
126 43
170 58
95 134
186 198
45 160
108 135
59 42
144 126
195 182
180 163
93 116
76 132
102 63
158 123
186 166
96 142
42 187
42 153
59 132
170 67
154 197
80 180
67 24
46 169
181 69
189 143
146 181
175 193
59 180
200 185
102 121
163 50
86 103
188 114
93 136
196 122
50 73
167 156
156 20
189 35
83 116
111 107
82 151
172 64
160 154
144 192
99 149
136 120
155 177
160 91
46 143
112 200
158 74
98 25
187 142
162 40
57 196
166 36
169 182
138 122
160 95
90 66
199 153
110 142
48 100
176 153
121 185
132 158
42 196
142 72
157 29
177 141
149 77
42 147
118 159
42 137
96 91
100 143
151 33
70 140
66 162
133 173
181 143
114 151
144 163
54 91
60 156
131 124
155 118
108 74
172 41
107 45
173 163
120 158
52 121
54 65
111 122
93 69
80 172
199 130
175 194
62 197
126 67
189 40
139 21
92 163
78 99
44 120
167 87
47 73
45 188
73 80
127 140
62 107
57 200
81 93
45 176
154 81
111 135
146 49
46 97
116 71
192 120
118 176
167 200
89 55
131 198
174 34
155 102
48 62
66 140
139 180
193 130
108 83
87 113
177 180
191 65
190 84
54 147
47 199
96 111
48 89
91 80
51 188
85 33
83 91
56 166
147 101
169 95
127 63
93 82
179 110
103 91
89 22
192 136
182 84
172 33
98 24
117 189
197 53
47 88
44 29
179 108
73 60
166 153
87 162
75 160
68 198
176 184
80 71
169 63
184 77
104 196
114 91
43 40
134 153
135 81
140 122
118 125
52 166
99 192
151 99
156 62
198 144
116 95
157 158
176 80
140 23
104 70
99 52
153 63
107 177
179 197
152 173
132 157
124 142
55 86
111 158
93 177
91 180
148 77
93 132
85 153
184 193
66 28
63 58
186 151
173 128
53 157
196 46
105 64
120 124
178 57
166 66
178 47
123 159
170 151
196 155
197 98
188 127
153 186
57 51
106 192
106 102
67 24
171 81
169 159
200 133
42 99
86 88
124 46
173 33
65 167
151 93
54 148
56 110
179 103
83 58
117 131
151 34
111 190
200 94
164 83
200 173
132 102
175 185
100 70
193 103
185 148
120 139
155 148
102 80
179 125
110 28
155 157
155 30
195 83
56 183
129 182
104 150
123 46
160 193
42 58
133 143
80 50
40 199
49 97
191 38
133 103
176 105
67 170
161 72
50 106
63 155
118 64
154 151
66 67
186 126
182 184
187 99
46 195
135 82
53 42
79 161
44 24
167 85
141 110
176 164
180 54
145 44
176 81
134 186
42 153
50 166
90 133
143 68
84 42
187 163
153 136
81 195
45 85
130 25
184 56
77 58
71 137
108 108
77 103
150 28
174 175
183 92
137 156
123 173
66 97
83 27
138 64
53 101
195 57
112 138
153 43
113 93
66 81
162 194
91 192
96 131
109 168
81 25
67 87
128 34
45 127
171 155
64 119
90 126
123 191
50 92
166 76
114 133
110 68
63 196
85 114
159 62
189 65
46 119
141 107
129 200
180 147
181 153
91 113
58 134
76 195
187 76
133 34
46 159
106 132
62 152
146 38
184 77
149 93
178 144
42 140
157 173
193 36
51 78
146 126
75 77
130 32
61 142
92 145
121 115
104 43
123 198
127 144
161 112
59 175
161 76
197 27
59 84
66 26
91 33
51 111
115 200
72 135
197 192
107 114
134 33
84 58
133 187
199 37
106 90
199 74
64 121
152 85
95 195
134 103
89 81
137 174
67 35
40 148
92 88
136 125
92 35
46 45
180 149
146 163
81 189
87 31
108 181
165 148
130 52
69 28
161 50
63 152
173 111
138 35
135 74
41 132
194 42
80 159
109 49
193 67
180 73
123 50
52 84
182 121
130 189
122 68
63 82
72 68
112 74
136 176
99 149
87 78
200 94
63 109
151 85
87 129
46 24
71 172
78 197
98 193
196 153
143 98
129 88
142 107
108 168
60 38
140 123
111 197
191 60
54 165
51 95
169 25
195 145
124 187
164 85
54 178
146 139
48 90
152 109
67 130
164 158
121 100
84 142
114 190
197 182
58 150
66 84
115 189
117 69
61 50
87 41
119 78
120 24
61 58
141 72
170 141
67 171
61 153
118 53
92 88
155 165
181 21
46 194
161 120
144 197
101 83
184 89
128 59
163 36
107 40
123 149
177 191
118 22
53 155
185 141
168 72
42 41
58 148
94 184
65 95
97 73
187 58
40 79
124 25
161 119
70 137
122 24
96 67
89 89
81 79
115 97
111 25
110 159
91 114
172 120
57 166
171 21
120 117
40 197
136 53
86 166
198 155
119 117
103 98
45 94
133 101
182 119
139 60
72 33
76 186
164 55
136 92
113 142
192 50
109 134
170 97
49 172
157 78
48 155
142 181
158 63
40 25
194 43
119 149
62 125
44 52
101 116
200 25
156 112
99 49
61 54
190 160
129 180
157 148
129 61
63 20
48 165
85 32
69 172
107 190
86 193
172 119
173 89
129 197
174 165
88 71
142 34
120 75
162 108
67 98
72 114
71 73
71 95
163 197
91 136
182 199
70 92
42 181
95 90
58 24
157 123
110 56
113 134
122 136
122 28
62 192
47 138
77 130
77 123
111 150
69 82
188 65
87 161
41 20
188 169
198 55
56 39
117 94
80 166
70 103
42 91
92 140
187 73
147 196
145 193
115 138
55 199
174 77
70 75
93 91
181 125
165 198
98 147
50 56
49 200
129 96
57 112
183 73
172 103
153 159
108 31
191 87
126 104
66 101
175 117
155 101
43 37
143 65
196 115
168 62
191 140
108 149
104 56
178 80
91 175
85 191
159 51
164 198
162 160
171 196
127 130
134 39
70 43
46 91
111 151
82 102
181 116
163 163
58 97
177 122
194 173
183 187
75 102
189 140
145 127
106 105
152 130
164 51
105 164
44 87
101 67
73 72
51 166
112 128
128 43
160 151
50 158
66 107
185 103
150 186
171 88
62 196
81 153
185 178
107 73
175 199
187 183
75 151
160 136
187 39
131 37
149 106
43 103
112 108
96 42
76 60
51 108
80 162
70 180
193 84
177 149
180 182
194 158
56 60
60 112
180 110
49 164
86 60
199 157
62 93
149 78
95 141
151 127
131 28
58 99
192 47
72 35
133 123
95 116
72 135
156 110
133 84
196 141
140 74
123 41
102 124
106 47
42 29
183 184
126 150
93 21
118 34
69 149
83 137
90 105
152 59
173 180
149 125
152 97
164 129
66 152
119 190
141 159
157 177
47 21
88 121
149 80
84 54
115 155
123 139
45 48
69 47
130 136
75 122
136 87
90 50
95 150
193 38
118 42
187 132
115 24
95 128
189 23
44 44
123 139
108 33
85 42
68 83
113 83
54 115
42 131
149 131
44 139
192 156
143 144
187 157
154 147
182 119
182 174
70 67
183 131
188 130
153 57
149 156
100 27
191 59
86 141
121 187
81 196
163 147
164 103
159 20
87 75
49 124
95 97
102 108
64 82
124 54
56 133
187 199
189 97
100 69
157 57
128 43
197 127
196 181
82 78
55 137
135 122
72 112
157 132
169 102
121 167
173 91
152 63
125 61
194 78
179 175
61 39
126 143
67 130
87 168
44 188
103 71
178 186
134 55
122 200
158 195
125 75
53 69
170 107
96 21
186 74
84 28
119 65
133 83
50 76
152 21
91 123
155 65
65 148
50 123
108 48
199 124
164 192
165 39
63 125
158 142
124 95
89 191
120 172
130 152
104 175
91 177
105 171
186 171
150 90
175 174
126 89
47 180
137 28
195 102
180 145
171 24
93 68
101 100
94 72
133 81
156 62
128 120
184 190
73 77
160 102
46 196
115 41
152 41
150 119
166 32
42 69
84 189
48 116
64 137
117 163
156 188
126 183
99 188
138 138
140 50
141 199
128 50
58 127
48 162
145 24
198 164
198 179
121 122
189 148
58 115
96 94
136 35
152 191
46 119
158 21
151 129
140 137
198 127
187 108
89 100
105 76
51 81
90 98
65 145
42 98
109 44
183 74
111 35
189 56
161 126
143 186
87 183
50 166
119 176
186 185
114 49
183 126
47 151
131 82
86 181
142 170
143 93
118 178
83 153
104 41
193 70
66 107
200 143
101 152
143 79
85 168
168 111
154 79
179 75
96 112
84 73
196 44
116 144
49 58
45 183
69 161
78 160
153 184
117 60
111 97
111 157
169 174
159 118
141 186
108 154
60 177
118 180
125 139
85 108
84 57
190 86
133 172
128 182
69 90
83 97
93 155
53 81
80 162
47 145
174 140
