103 105
163 55
86 125
71 167
129 95
146 172
73 195
52 20
40 138
136 186
176 27
188 188
191 151
66 21
96 162
68 48
40 103
193 122
80 103
179 38
94 83
175 109
192 138
132 195
158 98
92 109
136 46
162 78
79 147
84 56
79 175
154 102
51 37
172 137
109 125
146 47
55 77
119 43
152 71
86 23
41 37
107 91
177 35
112 48
75 190
194 83
50 84
179 62
61 34
180 99
194 115
66 198
60 28
159 49
196 93
166 40
73 42
160 164
73 44
84 127
65 52
176 142
180 197
72 50
148 69
92 141
116 33
160 96
101 75
192 65
99 62
167 110
187 64
47 115
91 66
53 149
157 77
191 159
95 44
62 40
182 24
123 168
109 115
77 102
67 85
186 193
113 196
110 38
110 160
109 45
95 101
176 67
134 149
129 147
86 26
67 155
43 152
46 194
96 157
63 114
148 183
191 156
153 29
122 112
40 34
200 100
195 142
126 94
69 128
196 126
136 182
175 66
96 41
81 89
110 60
141 37
164 153
72 173
164 88
134 179
145 131
182 51
189 114
82 98
108 76
123 117
75 112
111 130
125 116
111 131
191 196
93 39
126 142
149 65
192 114
178 29
61 94
70 91
88 156
134 117
111 134
97 179
160 34
163 177
93 134
81 146
74 152
189 39
52 184
175 78
172 108
176 187
182 127
43 186
114 123
195 123
73 67
198 108
42 98
126 141
55 65
191 58
199 141
156 169
41 156
63 68
70 44
77 124
97 107
72 33
175 171
124 74
99 80
158 24
139 172
196 158
159 47
107 31
191 176
84 34
111 37
89 60
40 109
54 27
82 93
98 137
68 107
165 130
65 183
135 107
44 51
103 148
187 164
152 21
41 193
109 81
72 44
175 60
146 105
166 29
147 184
127 57
88 55
191 117
67 167
186 189
123 125
126 106
113 102
57 49
171 103
180 30
144 157
80 103
56 78
147 51
88 158
47 159
142 183
96 69
151 100
179 155
73 168
108 92
121 131
125 51
40 136
181 158
79 53
134 36
148 21
62 176
48 173
163 76
163 143
57 159
119 172
98 41
146 74
69 42
75 168
86 124
70 34
49 142
133 60
42 139
68 55
73 59
102 140
117 143
96 28
169 22
156 147
88 48
106 119
56 46
179 103
65 55
189 173
149 181
188 116
45 22
74 118
181 104
69 133
93 200
115 151
193 170
77 34
84 171
169 197
117 167
82 57
132 76
43 182
199 57
74 154
97 62
128 62
141 101
131 172
47 26
80 78
115 93
154 94
92 64
84 101
191 110
151 118
79 154
140 131
141 111
161 60
96 182
51 43
166 70
128 132
88 131
79 179
85 92
127 147
119 21
171 185
44 146
88 123
173 199
99 109
105 128
50 137
49 119
85 133
122 193
191 194
44 75
45 81
46 84
128 142
161 195
112 70
75 75
110 128
98 159
141 111
162 61
89 90
104 179
44 181
113 95
125 184
87 155
136 99
91 61
110 81
92 136
73 149
98 95
110 90
72 64
105 154
139 49
117 153
94 142
160 82
180 140
133 144
73 71
112 186
83 57
145 164
43 43
159 176
170 40
118 124
200 166
48 74
160 132
148 146
113 146
98 30
187 25
79 108
125 161
97 117
176 141
92 100
169 147
188 179
120 25
123 22
146 106
116 48
153 162
116 164
71 155
110 113
44 197
136 137
163 83
75 179
124 61
107 42
189 175
200 164
66 92
130 38
190 180
126 66
54 30
66 150
184 197
56 200
175 56
127 140
196 134
167 162
148 169
165 146
79 94
169 54
170 59
172 21
61 110
97 189
75 37
112 120
171 46
197 166
91 59
90 24
152 171
114 133
45 92
163 80
76 40
181 159
73 33
46 111
65 95
195 116
118 146
76 21
162 107
198 35
79 27
77 97
154 66
133 104
54 187
130 35
181 87
187 151
49 34
47 36
139 88
150 162
41 93
154 129
148 29
184 169
98 61
53 166
98 98
153 119
154 171
89 110
87 82
53 161
200 131
152 196
105 110
131 99
71 134
146 117
78 165
80 198
43 51
193 169
43 102
141 35
41 49
147 40
112 182
157 56
57 140
72 143
165 194
99 112
178 169
75 29
43 55
160 44
189 39
58 117
78 41
88 53
193 60
180 70
186 30
144 98
66 34
99 96
163 155
97 60
176 191
60 155
133 171
70 68
65 64
107 45
133 22
129 151
98 59
137 159
112 56
159 101
106 79
80 200
40 54
103 38
172 88
146 160
93 78
55 27
41 127
114 168
127 25
188 101
53 153
186 199
171 141
96 163
128 145
127 120
54 105
130 111
116 25
194 37
160 149
49 153
65 143
48 140
47 176
131 161
150 93
158 141
70 59
172 113
197 125
57 84
93 196
163 102
192 104
161 56
77 36
82 140
118 26
80 101
190 30
88 42
97 59
163 39
47 92
50 127
176 97
71 115
80 105
192 158
44 85
98 178
166 149
69 148
117 42
147 162
157 92
120 112
43 25
162 27
90 128
144 45
151 118
45 103
51 94
137 101
68 116
153 61
186 78
172 47
172 93
94 158
49 184
64 141
90 167
113 145
75 174
112 154
166 99
185 143
154 96
57 142
40 199
140 145
160 168
184 106
181 40
130 182
159 87
166 108
165 115
191 179
127 112
127 28
190 174
193 23
69 48
44 95
103 187
116 79
58 154
138 104
88 138
149 192
183 61
186 152
168 152
182 34
177 195
133 178
154 24
190 140
158 93
89 193
129 105
44 148
158 146
111 118
154 175
174 56
131 94
56 178
62 82
164 39
152 85
139 200
88 96
78 199
56 31
100 125
127 24
192 85
71 75
112 151
152 84
138 194
62 28
171 139
64 36
141 50
168 113
41 127
150 132
199 103
179 51
57 78
120 110
187 59
101 134
135 130
55 89
118 51
119 36
49 96
133 191
124 185
117 61
182 156
48 75
120 175
194 52
61 100
138 135
195 58
130 186
56 142
46 84
47 103
162 68
146 103
48 64
47 123
86 44
164 126
120 71
69 62
102 115
162 31
148 75
162 130
120 104
189 26
72 196
70 122
79 117
47 23
82 160
143 95
171 185
187 128
64 38
84 146
83 158
88 147
54 27
82 62
169 160
53 157
189 155
158 175
163 40
107 134
146 109
57 123
104 175
184 45
52 70
53 26
45 108
158 100
80 123
161 99
101 131
53 147
86 57
120 182
172 182
199 93
40 82
145 137
61 64
161 40
56 41
119 26
51 176
90 135
61 119
82 87
118 88
53 183
122 123
183 164
42 110
141 92
158 39
75 96
169 134
189 133
194 128
57 115
185 117
192 106
51 34
182 33
52 171
64 22
86 34
60 191
182 158
109 193
54 120
66 75
155 50
42 70
119 88
70 91
183 76
55 29
110 32
188 91
71 54
108 196
48 25
179 129
61 145
174 47
141 174
145 144
140 100
157 22
134 101
114 50
44 76
184 49
138 115
102 28
75 97
61 50
43 114
104 58
92 46
112 128
186 42
47 78
65 100
97 188
73 167
56 164
44 29
130 132
67 176
152 94
79 83
132 29
62 107
139 92
153 63
94 64
140 169
47 69
193 121
50 113
160 156
42 156
168 62
40 58
139 153
87 55
161 40
179 176
180 64
91 55
196 52
160 128
103 184
54 37
103 66
149 65
78 150
162 90
79 111
83 192
86 58
125 107
180 192
139 62
70 61
73 194
113 119
164 122
121 179
195 104
81 58
173 73
80 160
108 56
50 158
71 189
91 191
155 144
184 151
140 92
57 113
191 117
193 181
47 59
106 50
151 106
188 64
95 166
115 104
120 160
193 35
106 65
150 163
138 189
179 163
197 172
177 34
182 130
84 35
176 174
153 64
88 50
136 89
46 40
102 128
120 23
57 118
108 174
80 21
121 118
122 151
42 149
153 71
77 71
129 117
173 141
56 154
146 116
174 41
180 42
103 40
156 197
186 141
180 140
139 124
158 74
137 78
50 67
164 106
41 145
188 123
169 129
112 85
170 143
154 119
44 176
190 21
58 170
172 168
174 75
182 137
49 159
42 68
123 65
164 127
59 28
73 122
82 129
148 53
66 136
100 70
164 51
132 130
175 184
106 124
166 104
152 113
58 166
95 101
164 100
126 174
62 105
187 93
115 147
190 139
94 139
152 81
74 44
149 62
120 145
53 103
108 20
134 199
55 44
83 67
64 149
71 71
74 67
141 153
117 159
59 119
63 123
117 26
194 102
150 129
147 196
101 42
59 193
88 102
73 32
107 151
187 73
100 107
88 145
198 72
128 114
150 148
90 53
102 175
191 100
108 99
103 46
138 173
51 93
151 35
196 21
177 32
154 167
120 60
134 189
166 192
116 169
75 105
153 124
191 152
168 54
200 114
172 150
48 177
189 54
138 23
127 73
129 135
61 110
101 127
50 177
103 170
163 58
100 144
132 86
53 136
130 154
152 26
101 65
144 106
61 174
126 123
99 42
130 124
125 134
174 196
92 164
145 56
152 196
190 178
142 194
86 22
166 151
132 39
116 98
182 184
154 130
186 198
40 122
129 68
102 151
69 151
76 131
40 159
176 190
127 21
120 73
88 140
78 173
88 105
73 171
47 127
126 149
85 198
149 186
176 144
57 169
91 59
109 113
100 88
44 100
178 171
90 170
72 186
105 138
96 151
105 31
191 62
121 143
180 141
89 154
135 102
175 88
144 27
132 88
149 197
70 190
106 101
122 119
120 47
69 150
180 53
42 192
187 66
185 36
85 145
68 171
71 150
160 47
127 62
69 62
121 82
198 43
170 110
86 193
192 24
162 154
104 80
136 161
58 162
161 139
51 200
69 61
142 86
133 143
179 98
160 182
131 161
180 96
168 112
126 104
180 77
158 200
125 78
124 120
122 170
138 36
197 82
136 92
197 117
152 92
134 109
51 187
73 101
88 115
174 54
159 159
68 138
125 92
103 133
157 173
70 65
193 59
168 89
51 25
199 109
74 40
119 147
176 107
121 99
56 145
197 67
120 178
42 116
111 132
182 198
84 29
60 40
46 62
49 148
197 103
188 43
177 39
138 38
92 136
169 121
118 36
119 133
114 84
80 49
191 62
139 109
141 198
140 111
50 198
96 121
52 90
75 147
187 25
171 121
109 158
143 36
178 89
164 146
114 90
71 37
179 121
62 71
137 35
56 184
173 63
146 163
171 30
115 138
179 167
135 83
84 140
58 53
58 37
174 162
155 141
108 49
135 109
187 81
80 158
126 172
78 37
95 178
87 194
108 59
197 182
138 158
187 200
178 198
172 141
159 113
75 127
163 53
103 94
126 57
157 151
196 133
195 131
177 168
55 22
81 174
76 159
66 70
189 174
126 151
156 55
175 149
172 188
133 28
181 141
79 161
153 154
48 106
93 90
88 64
77 197
86 68
107 104
92 37
188 191
145 111
51 40
197 124
60 172
90 54
164 74
169 126
43 138
142 106
175 130
74 126
114 199
75 194
99 160
160 72
133 38
87 67
173 159
110 147
90 63
105 167
80 110
154 45
200 121
100 72
139 183
158 108
130 96
142 172
83 144
180 67
171 85
157 119
165 145
122 143
151 70
58 118
134 184
127 60
167 200
54 34
115 39
144 85
196 40
107 124
154 142
83 83
95 78
142 57
66 179
148 82
81 20
164 170
84 158
43 41
170 45
144 177
62 149
63 139
132 103
113 31
192 149
129 119
70 58
181 80
57 141
94 174
74 136
107 57
146 116
186 136
179 167
90 78
116 135
116 94
167 154
185 41
49 161
168 80
117 177
96 106
146 32
124 87
149 184
177 52
44 52
145 90
55 112
188 143
198 100
115 63
192 74
47 24
152 156
152 52
88 46
91 95
150 118
145 132
179 127
71 124
48 82
111 58
158 89
143 67
45 188
161 110
171 74
69 192
159 67
164 131
46 22
51 104
85 155
152 173
163 113
90 93
61 20
122 48
66 62
163 167
197 38
132 72
86 39
185 125
95 65
200 87
129 85
177 72
47 77
61 74
53 171
74 134
81 193
53 60
65 56
58 135
155 87
146 132
147 139
77 117
72 53
93 197
64 52
64 150
141 44
176 75
156 146
171 101
92 168
105 35
132 87
118 162
41 168
62 45
147 149
95 175
147 64
168 158
149 105
158 40
46 62
148 37
114 118
59 199
44 140
153 71
75 91
57 158
190 117
112 65
200 145
83 95
145 66
82 124
42 84
165 125
184 136
75 114
161 187
150 159
82 146
165 27
77 74
131 57
97 71
144 130
73 53
92 174
63 135
181 56
47 100
145 51
160 64
93 67
179 178
174 181
107 132
98 34
189 161
131 94
91 108
46 69
138 181
57 82
189 112
157 70
119 91
186 72
68 49
167 186
148 192
163 194
66 113
50 44
41 186
119 186
101 85
131 37
81 173
77 40
49 60
140 133
140 121
183 98
136 148
121 115
180 155
130 44
77 99
112 46
121 172
149 156
102 44
74 30
188 199
160 89
177 31
43 141
135 161
145 118
163 183
116 103
113 58
83 199
85 132
137 104
47 79
99 70
160 84
170 190
127 159
123 191
196 22
195 69
165 93
135 164
116 108
41 132
198 64
115 134
69 187
182 73
200 105
65 114
187 111
92 41
77 96
127 78
162 31
90 26
69 148
133 75
198 26
93 82
92 109
51 36
160 196
85 121
169 200
98 166
119 70
69 150
133 137
126 178
121 109
80 30
101 103
135 64
52 191
115 160
160 168
89 155
127 144
170 116
106 188
44 111
91 39
88 87
40 177
137 116
153 115
64 72
146 138
113 124
138 58
183 110
153 121
94 139
72 171
60 128
191 115
179 85
151 58
123 178
142 83
86 82
161 92
148 185
63 193
89 107
197 25
100 52
117 158
93 117
167 29
139 199
88 26
152 46
88 173
71 156
45 95
160 68
163 142
114 130
113 128
89 156
133 177
91 124
146 134
158 57
93 177
184 125
193 102
132 198
168 50
120 25
40 190
143 34
175 65
65 169
131 36
130 158
47 36
151 67
186 76
92 28
48 134
54 90
133 160
169 155
125 71
76 67
99 65
189 185
84 165
144 160
89 145
186 20
52 67
117 86
165 32
97 117
136 162
44 93
58 121
143 63
53 97
163 183
107 86
50 143
112 154
87 49
103 89
134 80
111 195
122 128
63 87
134 193
117 88
59 107
73 143
82 186
143 127
82 132
97 102
95 57
180 133
144 63
100 45
85 65
136 178
73 126
79 99
116 67
57 110
45 185
73 89
166 49
58 20
180 91
121 150
89 102
159 70
43 87
153 40
176 40
67 87
192 64
71 167
61 76
116 38
111 74
192 169
81 189
125 107
78 119
58 51
169 172
185 123
163 72
99 174
155 110
104 107
85 98
189 159
96 154
164 115
126 34
122 56
95 138
124 145
151 131
200 90
161 74
73 52
149 168
181 151
161 141
126 52
57 127
68 149
153 194
90 30
113 131
64 95
134 194
123 176
152 187
149 128
154 41
174 102
191 117
55 132
68 122
96 169
188 139
104 26
173 82
192 63
48 182
72 34
141 68
79 157
166 63
90 134
112 54
147 54
47 170
141 44
55 97
157 148
51 25
118 99
168 182
95 144
84 57
71 162
56 41
181 22
80 34
60 191
109 180
133 196
122 126
69 120
142 181
96 82
155 174
133 95
43 22
167 83
191 117
79 61
195 129
53 52
133 116
195 104
177 163
135 175
165 166
129 107
77 170
178 136
176 56
93 75
180 119
160 43
116 66
129 50
161 137
51 199
102 29
42 197
195 64
134 158
171 63
65 83
108 152
160 25
169 75
175 121
166 123
66 92
70 90
51 89
190 114
133 52
106 99
137 139
168 159
100 137
65 77
192 122
196 30
61 40
119 49
88 200
146 176
66 49
179 124
76 82
129 41
53 48
174 179
47 102
69 23
87 131
137 188
158 60
172 123
64 41
68 62
145 32
141 94
68 45
143 97
149 180
47 25
128 95
182 95
85 57
70 109
40 28
144 64
154 22
42 132
92 166
99 147
156 55
169 30
181 160
121 92
81 155
120 89
46 53
62 122
187 117
112 122
74 189
133 69
81 48
87 184
181 129
117 24
148 87
144 140
81 120
112 49
40 72
69 177
110 156
138 109
56 124
170 175
107 92
154 155
56 94
76 131
178 194
141 120
87 116
138 49
187 151
41 118
199 116
182 149
140 118
146 164
72 146
120 47
67 75
105 91
132 71
199 163
82 80
192 63
171 157
62 199
146 149
100 68
189 43
164 163
110 103
164 128
53 118
55 58
84 135
84 79
150 40
111 54
69 102
145 138
71 118
134 76
165 78
198 79
157 151
179 118
62 172
130 65
155 36
200 192
74 66
42 184
133 95
134 49
100 78
170 132
161 113
86 162
172 155
199 33
62 147
91 124
79 59
160 156
200 111
120 73
109 32
43 22
158 195
52 169
121 89
103 28
169 105
118 68
121 123
147 154
44 69
124 80
176 183
93 173
117 78
58 194
107 133
148 121
71 45
70 168
169 133
105 97
182 144
131 38
51 200
115 184
188 109
69 151
79 67
108 98
107 21
153 146
142 195
130 91
74 96
85 178
141 95
103 134
187 96
132 75
179 78
71 133
175 92
184 141
162 65
169 122
130 187
195 31
158 96
72 197
126 145
171 140
190 102
72 30
76 60
53 117
58 96
53 100
90 48
118 26
101 139
155 177
175 194
50 72
179 124
177 136
71 62
94 180
119 62
139 46
44 141
116 71
100 196
113 137
108 30
124 132
48 68
173 23
73 68
91 121
162 50
70 69
174 34
127 97
53 127
200 197
121 168
81 46
199 51
200 149
102 34
59 53
95 103
179 97
181 131
90 200
144 117
153 44
161 159
93 60
64 155
140 162
85 66
73 200
106 180
86 144
63 124
47 130
49 119
106 176
189 128
76 150
93 142
169 155
170 78
161 62
162 130
177 148
117 176
186 107
73 109
53 112
94 184
150 121
183 117
74 200
156 138
177 195
40 24
189 23
113 75
108 140
95 185
198 178
169 157
69 98
47 93
46 41
100 185
41 183
147 24
99 200
128 167
121 76
50 40
85 123
175 104
46 147
145 61
98 32
98 141
158 46
190 60
173 57
123 119
96 188
154 100
191 188
133 46
77 187
97 137
40 58
124 71
151 63
79 151
185 40
160 47
95 37
52 183
138 168
197 66
122 173
131 26
134 34
113 170
96 20
194 147
150 133
139 163
132 143
73 74
120 47
81 48
77 106
63 50
106 50
111 62
155 149
60 94
188 165
95 75
137 181
55 84
135 26
148 93
191 117
74 153
85 198
76 116
50 160
189 188
65 160
144 142
48 67
198 115
62 164
129 84
140 153
160 68
150 150
69 74
58 109
92 73
66 134
40 85
60 183
175 74
181 20
91 31
151 199
152 62
82 105
197 42
83 41
47 75
166 86
93 58
63 192
62 199
154 46
107 152
68 183
101 76
142 161
51 45
188 71
153 62
158 120
155 51
111 34
139 74
86 179
117 60
153 118
102 136
159 153
67 114
184 115
122 26
46 35
155 21
171 29
170 68
59 61
154 34
134 80
40 147
117 44
90 136
178 103
145 92
57 198
88 132
96 195
145 160
187 72
181 116
139 195
48 104
168 190
195 99
114 25
161 59
84 68
113 99
91 67
77 194
70 28
89 134
179 133
125 37
197 108
84 80
108 63
60 145
97 76
180 49
170 147
120 145
71 102
172 63
53 43
72 91
140 30
94 58
145 118
86 65
171 141
84 176
69 60
197 110
143 46
138 158
54 48
165 154
131 174
146 187
49 147
118 85
167 192
57 95
130 113
188 115
187 185
105 117
156 133
156 76
194 30
194 194
186 153
194 193
96 140
189 150
41 169
173 114
200 171
197 196
124 73
192 147
147 174
48 96
111 61
157 61
78 44
127 196
52 194
140 42
174 143
118 22
180 86
131 83
90 25
131 121
159 198
120 29
129 20
171 65
82 77
178 104
143 168
160 121
66 156
75 89
109 95
140 38
100 21
184 98
83 33
53 157
96 48
47 175
160 74
119 174
65 185
62 110
136 94
170 180
151 119
190 73
108 102
48 176
67 131
177 156
124 200
193 190
102 155
165 186
147 176
98 189
134 153
90 128
51 85
136 77
51 20
71 40
94 137
68 133
50 124
178 60
126 76
123 108
196 38
116 74
156 141
123 135
46 73
164 169
68 124
74 86
75 78
96 181
166 108
200 38
109 155
114 24
91 125
70 197
138 130
104 161
146 124
144 98
98 144
187 165
139 155
200 43
96 124
41 64
149 149
113 32
188 112
148 67
171 137
185 63
190 144
70 72
155 195
137 117
44 163
60 131
179 32
148 184
194 152
150 25
100 22
195 170
167 132
60 107
50 183
120 109
144 122
61 137
165 105
185 165
55 137
114 182
78 159
71 192
80 116
139 69
137 143
44 22
87 132
134 107
120 89
169 198
141 136
193 135
99 62
81 41
53 132
194 109
78 45
42 77
126 41
64 135
151 131
154 135
188 93
189 174
163 94
123 195
83 42
51 129
162 136
192 43
111 172
128 65
165 190
60 53
170 148
100 175
167 124
151 105
182 60
197 40
176 147
176 152
173 171
50 59
48 119
164 56
175 79
85 147
72 78
142 43
88 182
139 87
144 163
72 103
190 105
129 46
197 166
126 157
198 131
126 54
161 117
159 146
106 81
81 43
181 32
94 168
118 73
162 50
83 165
48 146
195 124
66 180
96 115
118 160
191 97
57 121
135 146
103 171
47 61
120 98
76 150
188 56
173 113
141 164
41 198
140 111
96 31
55 121
145 25
104 29
174 126
82 93
63 109
102 153
196 53
91 172
54 138
131 22
65 147
139 75
148 162
158 172
154 192
125 196
174 142
122 69
83 74
174 83
97 84
145 91
74 111
112 133
166 67
118 155
169 152
198 177
91 151
76 50
89 55
138 108
126 180
52 81
75 51
78 154
148 149
51 107
48 87
181 84
169 103
144 109
150 55
70 82
52 55
69 75
61 68
162 54
123 110
46 84
113 155
63 104
68 44
161 51
116 192
80 122
72 151
135 167
122 87
154 29
62 47
44 188
78 69
170 174
122 54
130 59
103 32
96 175
167 45
156 131
81 84
199 36
101 41
140 90
54 62
73 41
118 176
87 103
188 60
41 69
87 36
129 132
87 56
114 23
80 21
192 111
159 56
46 145
108 74
166 75
154 81
88 77
191 157
198 27
135 45
151 57
123 199
82 107
150 67
161 27
120 133
122 85
150 122
118 33
130 99
45 162
112 104
84 115
146 78
56 39
94 165
51 67
112 187
130 197
148 179
120 32
59 41
160 90
81 112
91 157
177 92
186 63
110 90
179 24
42 74
158 119
73 134
99 50
68 125
165 65
135 190
115 34
158 171
200 182
100 63
71 112
56 110
144 83
147 184
99 168
183 94
171 101
174 59
57 175
125 132
141 127
75 74
175 114
65 88
64 70
165 155
94 79
125 36
75 199
137 97
103 40
162 195
149 53
130 174
47 47
79 123
148 193
198 144
158 65
138 144
195 188
177 63
71 116
85 198
113 150
113 153
167 127
42 138
142 30
199 132
114 87
150 63
92 187
101 161
156 31
190 35
98 84
131 175
167 83
142 58
178 62
131 111
145 34
96 25
110 141
136 130
187 66
183 94
152 64
87 110
76 82
81 57
101 167
50 87
191 129
154 79
116 101
118 64
167 105
151 129
129 144
146 88
148 157
86 128
106 165
122 133
125 197
132 29
160 128
69 97
108 115
134 72
69 20
140 158
122 22
143 24
120 59
191 186
147 106
55 195
41 164
184 149
197 24
131 36
72 194
119 140
173 176
186 82
175 177
105 42
157 173
198 108
40 143
136 78
114 158
74 139
46 53
116 23
180 23
111 32
85 71
188 156
140 48
68 167
183 145
115 168
58 113
110 32
161 118
188 187
125 44
135 110
170 154
199 190
150 25
159 28
96 80
133 94
151 126
152 99
73 127
158 188
155 124
179 105
88 192
188 50
76 57
60 150
182 70
114 164
56 200
176 27
41 67
53 133
165 129
119 51
69 115
154 81
165 102
105 21
184 47
163 43
115 64
86 69
83 130
139 39
129 33
77 92
99 88
106 106
65 178
95 41
140 55
92 99
130 154
116 120
180 73
108 91
63 105
139 84
137 143
108 147
192 94
40 95
107 30
156 164
63 141
177 80
132 23
194 72
87 108
93 84
48 132
91 160
166 103
179 26
166 136
45 75
104 120
126 127
186 153
88 160
87 141
130 45
133 104
124 47
78 120
45 28
72 184
57 143
191 115
72 133
53 182
59 121
197 82
72 109
101 158
141 105
171 190
163 22
140 189
153 138
56 110
169 161
59 64
199 137
78 162
72 188
151 140
117 104
131 93
97 68
145 149
168 108
105 28
48 135
152 168
58 197
42 135
115 73
140 74
84 132
88 94
118 35
139 151
106 58
82 41
96 162
158 172
86 163
198 106
94 146
186 29
170 141
165 20
86 83
149 67
110 75
161 35
149 31
58 133
121 34
187 109
181 111
196 145
43 125
58 79
94 163
100 110
91 59
84 82
141 138
175 123
185 144
168 156
120 104
193 199
183 182
195 74
78 28
154 76
105 166
142 48
196 133
60 103
165 122
89 145
139 140
169 61
187 84
122 155
134 86
161 174
42 194
152 71
50 143
175 185
133 69
91 47
142 146
148 22
143 200
73 182
79 175
166 86
170 194
132 62
122 93
80 121
119 130
145 66
123 47
156 50
65 108
100 126
120 111
54 190
77 47
161 145
111 154
179 24
106 38
180 54
65 87
128 91
199 49
78 145
81 91
190 34
93 78
191 104
173 168
163 200
69 190
95 106
86 155
67 88
164 122
163 99
174 193
155 101
65 191
159 145
77 84
180 124
109 55
65 87
43 30
183 121
188 145
133 91
184 38
142 140
143 152
116 175
44 145
131 71
115 60
155 147
60 131
136 187
151 21
79 123
53 47
118 21
58 134
184 122
180 111
57 140
185 27
141 70
72 194
161 120
172 37
137 112
167 20
186 22
128 129
67 79
77 144
142 183
102 134
174 99
180 56
161 35
70 169
129 171
135 100
177 116
87 138
102 42
163 68
72 164
115 100
61 87
159 147
45 163
120 47
177 109
70 103
185 31
159 110
106 150
151 32
126 167
137 148
171 184
45 124
41 90
147 102
78 149
165 148
177 194
105 87
68 52
146 61
190 139
139 44
126 154
200 72
197 162
116 39
70 119
131 117
173 31
55 112
85 191
69 69
133 47
179 85
77 42
125 66
125 168
105 139
61 184
67 67
183 82
158 90
193 161
78 67
105 174
167 70
128 80
52 140
150 193
190 183
99 111
68 99
86 32
66 40
139 56
91 34
195 93
48 52
144 158
46 130
157 89
67 115
147 108
175 117
172 185
43 136
171 99
155 117
102 193
127 151
122 23
160 182
96 23
58 127
59 106
165 103
197 170
68 103
120 197
121 167
97 66
81 54
49 140
59 54
127 26
69 187
100 65
106 138
184 193
40 48
88 196
90 23
133 116
156 128
167 99
71 148
65 71
46 53
136 81
93 40
188 169
125 84
190 55
188 21
54 28
119 41
198 47
72 182
180 171
63 104
60 85
88 200
125 129
60 48
150 162
105 161
165 142
153 100
195 62
148 130
90 40
80 33
90 51
167 160
69 85
67 63
135 182
110 33
51 51
74 51
148 141
125 39
104 34
60 120
128 80
160 72
142 111
60 116
59 116
167 33
117 56
65 119
168 121
147 174
99 92
49 45
88 111
176 141
111 109
106 185
134 72
44 117
59 188
129 197
75 107
50 32
156 182
178 157
45 40
185 104
131 163
165 155
64 74
150 73
80 158
59 25
178 33
139 185
61 72
116 146
198 148
110 137
133 138
48 139
83 43
87 43
94 114
149 188
155 131
96 41
63 77
170 80
197 137
95 154
172 51
78 110
107 57
122 119
116 54
55 81
162 84
137 194
74 41
98 148
185 103
200 70
69 148
148 198
60 38
132 186
66 150
126 118
111 96
129 63
128 56
75 195
158 200
114 198
164 197
162 105
41 157
43 180
109 123
148 32
49 169
159 92
174 70
146 124
51 178
156 122
84 68
45 21
165 67
110 33
91 79
149 106
132 192
162 110
194 27
61 125
47 36
119 148
118 177
126 20
47 54
170 73
60 26
49 67
50 64
186 101
157 71
182 154
100 97
107 95
90 151
155 72
176 109
131 54
196 58
191 64
84 124
117 106
69 40
73 186
87 122
146 109
79 44
198 163
142 25
174 86
111 22
164 146
91 53
72 197
179 169
120 59
104 24
61 84
150 168
151 34
99 56
117 79
180 41
109 69
137 182
104 120
153 109
166 78
89 131
167 48
135 175
54 177
124 166
66 120
82 197
130 174
62 82
154 23
69 169
77 176
64 137
125 161
46 95
113 193
56 66
43 97
66 108
175 59
150 27
49 187
137 67
106 28
55 134
49 188
44 60
111 160
144 109
101 154
61 66
61 105
57 114
55 70
79 119
85 175
181 55
190 60
60 38
140 129
142 125
155 154
186 120
147 158
167 73
171 169
158 50
177 133
126 25
86 41
180 37
77 78
107 94
57 111
111 115
168 192
121 144
120 102
165 64
188 72
188 30
107 45
43 52
130 52
127 142
65 182
92 160
120 54
124 141
164 33
132 70
52 195
97 176
101 54
177 131
165 144
181 117
63 147
97 93
163 54
92 36
77 74
71 83
71 33
103 139
81 83
195 131
63 46
125 55
44 131
192 142
194 23
154 36
112 55
58 178
116 155
78 149
200 179
186 89
42 169
62 86
103 158
96 97
139 199
79 64
149 26
101 151
111 144
166 40
116 131
99 44
79 77
109 151
80 185
93 183
140 173
180 98
94 85
125 145
164 155
49 36
43 48
84 141
138 91
144 156
172 51
190 40
199 20
144 50
195 151
100 89
138 84
79 117
149 109
132 176
193 140
60 50
179 21
161 198
97 47
128 104
197 76
197 45
118 141
168 131
140 34
129 188
65 165
197 78
102 172
181 148
198 139
190 188
56 62
143 130
87 67
105 88
121 128
53 40
161 101
83 43
177 61
91 190
164 60
132 183
97 35
89 55
173 98
78 53
195 79
155 126
145 182
198 123
183 43
100 170
123 65
148 137
88 89
48 79
124 51
92 180
89 71
161 192
103 65
67 179
120 125
107 141
50 30
53 47
133 87
107 35
156 79
197 119
51 152
56 104
122 165
128 149
153 190
66 49
60 44
79 86
176 56
135 172
196 157
192 80
68 93
161 99
152 142
85 39
181 91
49 80
50 137
122 200
174 36
41 180
193 197
53 198
51 122
157 143
113 158
140 168
191 149
158 141
74 119
188 145
79 129
84 78
177 164
70 146
80 173
70 197
152 25
92 112
75 112
104 173
81 91
162 88
141 94
88 25
104 50
116 89
79 36
138 108
133 112
59 25
105 60
58 37
171 72
97 68
180 155
145 173
125 60
68 46
156 94
129 46
150 133
154 84
119 179
157 50
131 138
97 82
144 178
74 185
157 195
66 125
100 82
41 172
165 114
150 196
173 94
170 115
136 38
150 159
64 145
136 187
40 52
144 199
173 160
190 116
53 89
116 121
41 83
171 96
106 99
186 25
164 166
142 103
71 22
124 162
64 32
50 198
75 68
177 196
99 123
134 149
82 175
108 153
136 109
84 50
81 102
174 90
171 46
65 191
109 196
129 152
159 175
121 74
138 139
99 120
139 146
147 142
83 23
72 66
197 57
173 95
127 188
70 58
80 26
136 41
161 73
97 200
96 125
104 183
41 44
165 119
161 175
92 72
126 83
142 159
79 62
142 81
82 156
47 169
174 154
193 71
60 49
174 169
75 79
144 190
101 62
177 113
147 157
82 82
115 115
121 66
194 109
175 61
183 71
77 152
155 59
164 164
78 57
194 117
99 176
193 65
88 186
102 115
57 181
139 53
72 141
164 60
179 131
180 45
181 195
196 93
68 181
139 34
64 31
48 144
104 29
63 178
84 186
134 100
72 176
148 42
148 93
65 55
186 30
74 130
78 87
180 169
62 172
186 42
172 58
101 105
81 119
147 27
93 195
119 64
80 151
184 147
134 57
63 48
77 50
177 82
40 98
176 55
82 169
81 148
53 54
104 166
162 38
172 41
84 48
116 154
64 53
144 147
82 62
89 36
64 36
73 140
137 55
191 120
169 155
90 66
80 92
143 29
132 24
110 39
118 178
76 120
79 88
101 118
115 101
162 119
109 137
95 48
118 73
80 148
61 172
178 141
174 75
189 101
65 195
97 157
148 64
173 195
97 95
112 37
172 59
172 170
183 114
90 100
89 142
59 122
122 113
44 31
159 87
153 44
99 117
101 70
97 140
75 129
120 59
177 99
47 48
53 191
69 147
155 118
150 87
78 189
41 131
125 43
85 58
191 164
173 52
49 144
93 63
72 152
124 140
40 76
194 78
196 149
72 33
56 49
88 46
47 150
200 196
88 103
134 156
99 90
90 69
129 68
153 60
163 56
61 35
52 178
98 94
142 79
138 138
197 172
67 57
55 57
151 133
61 183
195 62
117 28
127 42
135 148
138 138
200 187
130 75
57 165
179 57
117 180
187 196
93 78
54 28
45 193
42 20
188 198
170 124
166 182
97 175
94 145
60 86
121 121
200 121
114 65
44 149
116 168
145 147
131 169
52 36
189 68
107 58
149 27
154 65
183 67
117 115
45 122
123 171
56 159
56 117
103 21
119 45
95 150
133 50
158 70
123 194
153 180
107 38
50 94
89 24
76 120
163 31
199 124
158 130
125 115
115 38
184 127
151 84
47 152
118 93
161 82
103 69
65 82
175 126
170 152
83 184
128 154
190 133
167 66
162 98
80 21
180 176
52 187
160 157
59 34
71 93
181 85
167 183
181 157
159 21
160 129
178 191
64 49
89 141
128 89
59 140
180 24
175 69
122 91
99 80
57 126
122 93
182 108
147 46
144 40
58 199
119 73
148 153
187 89
140 20
198 20
186 57
152 35
171 195
79 40
129 61
195 96
194 79
140 182
139 91
54 36
62 57
61 130
109 58
121 105
153 109
52 109
105 97
181 196
105 107
101 26
198 124
85 87
153 181
140 187
142 129
59 137
177 147
169 177
143 183
181 194
107 137
160 93
80 35
124 192
147 102
114 189
156 48
198 199
119 77
158 116
189 193
122 89
194 196
132 131
106 193
174 82
118 86
160 199
84 114
90 109
139 144
129 153
90 89
72 47
137 81
111 72
123 86
97 44
142 122
74 113
66 122
161 59
197 116
60 77
48 194
137 93
56 95
159 95
191 56
139 63
57 51
175 89
161 190
42 178
137 140
114 79
114 134
45 195
62 139
41 21
131 74
154 173
108 20
157 36
175 188
189 31
152 199
182 41
50 135
62 74
45 185
136 20
131 38
196 164
191 65
44 148
80 31
155 184
197 80
82 95
76 175
117 60
83 112
94 57
78 119
59 188
48 43
133 159
98 36
125 24
89 84
52 83
146 76
149 62
51 89
177 154
145 160
158 88
104 118
85 172
193 47
177 128
189 153
92 123
151 26
148 57
180 105
62 39
40 30
170 107
129 58
162 174
168 136
160 188
41 67
40 108
99 92
142 114
53 125
85 122
162 189
133 198
160 197
90 176
189 24
122 152
172 40
190 91
185 165
132 43
147 31
136 44
50 87
165 152
162 141
187 54
183 84
172 172
65 172
66 123
130 129
108 195
55 190
187 128
116 199
85 154
168 143
135 78
53 97
68 168
151 68
164 62
62 34
40 132
142 122
114 67
94 114
101 187
197 182
55 181
106 80
167 160
49 135
176 69
91 67
56 190
192 173
139 110
141 135
161 33
142 123
52 73
49 96
149 162
73 144
196 60
137 117
196 182
109 193
41 137
152 167
81 155
108 158
137 110
170 118
142 92
112 173
135 184
92 50
102 93
51 77
81 151
76 22
84 103
123 28
186 173
104 97
100 114
137 141
146 197
159 101
146 140
80 186
163 154
143 107
94 28
173 145
42 130
97 194
180 123
135 149
140 59
130 177
191 72
80 179
127 137
64 35
165 175
111 66
177 56
79 141
165 47
95 153
191 102
162 64
87 103
113 99
139 133
58 103
169 137
76 95
129 90
89 177
107 122
176 124
182 151
95 191
91 52
97 88
55 103
98 63
103 87
40 28
197 62
158 147
136 174
178 106
107 177
77 31
127 178
80 99
147 135
151 176
103 157
166 109
166 122
58 82
62 43
75 45
43 160
111 135
101 91
138 70
65 36
122 70
137 176
179 82
118 132
106 29
161 42
40 195
89 154
177 90
41 156
144 88
197 28
101 96
73 157
198 68
116 123
150 84
80 82
88 182
44 149
89 161
131 93
87 126
136 187
175 141
120 174
194 154
192 127
190 55
100 42
198 185
73 25
87 161
173 116
144 176
164 137
144 56
112 74
185 114
168 57
59 139
72 63
110 97
79 106
197 108
181 191
152 80
73 114
123 59
94 112
70 54
138 67
84 141
186 130
185 47
175 182
160 197
41 92
190 42
182 105
131 140
89 102
109 142
173 62
189 106
192 102
85 158
96 110
111 128
53 157
98 60
175 36
50 108
182 97
59 139
46 181
111 58
63 198
142 183
101 30
196 73
172 185
130 36
183 67
140 111
48 95
53 157
45 20
125 37
149 104
153 36
134 138
57 37
145 163
130 50
175 180
167 106
117 193
48 69
95 98
194 132
170 56
142 138
159 68
124 51
162 55
161 198
183 150
169 73
197 167
55 73
50 39
169 38
167 175
173 128
189 158
146 81
41 28
85 156
138 93
124 109
78 118
199 64
159 159
41 142
69 42
51 124
95 190
170 194
168 81
84 68
118 180
135 63
83 138
116 92
164 164
149 194
145 155
178 129
104 141
173 172
173 38
112 123
99 159
68 27
94 67
48 61
196 81
51 29
170 74
57 129
157 87
91 140
163 120
90 140
189 70
70 136
151 132
185 200
187 55
186 152
84 29
163 178
179 53
175 120
140 134
186 144
197 130
84 167
100 33
139 118
196 70
86 158
79 186
165 65
163 54
45 39
172 192
54 181
111 142
120 82
94 114
194 199
151 61
199 54
69 143
119 30
61 82
65 90
77 100
111 60
152 65
137 191
154 38
192 146
121 170
191 26
42 152
96 145
135 40
86 100
188 101
46 23
52 79
48 64
184 68
93 195
193 106
107 71
157 51
90 38
97 196
73 188
177 150
41 146
154 137
126 163
156 126
73 184
126 85
157 98
66 182
169 52
105 62
63 88
144 47
190 78
175 86
68 98
190 134
65 175
185 98
151 154
78 78
46 133
172 200
179 93
183 147
105 147
108 44
85 31
146 68
56 164
131 180
76 126
90 33
172 125
127 180
143 42
94 174
181 171
108 171
41 27
181 163
107 177
121 23
186 80
77 117
61 79
103 104
189 109
78 149
50 102
186 41
190 88
181 81
165 71
59 163
193 190
94 34
123 72
190 151
183 34
163 86
98 107
198 114
67 110
188 181
175 25
59 92
149 117
138 190
62 26
156 104
171 51
100 112
44 74
120 165
194 127
123 176
168 73
153 141
97 173
177 121
97 56
56 82
153 180
181 177
185 182
158 200
185 197
176 50
162 60
171 104
62 123
62 171
95 154
176 165
144 77
186 191
173 72
117 126
156 42
70 29
98 34
126 172
191 162
44 153
90 68
83 146
64 128
119 143
192 20
98 60
199 191
117 174
46 93
169 28
161 52
141 180
189 162
176 157
76 34
71 84
197 118
137 117
167 178
183 110
159 140
115 197
179 97
65 183
167 173
137 104
70 33
197 49
81 64
148 45
83 143
85 56
88 190
126 56
116 166
198 35
119 85
157 79
177 35
55 101
101 139
129 174
172 89
62 195
44 76
108 50
153 170
144 32
147 177
132 116
196 71
178 106
50 145
82 99
184 20
157 154
124 70
84 196
96 166
67 62
150 140
186 47
157 148
50 86
129 143
52 145
153 190
184 22
84 109
174 71
171 89
96 92
156 67
196 142
77 193
199 33
192 128
97 88
98 106
185 142
48 194
167 109
164 91
108 162
177 165
75 185
154 31
46 46
159 197
119 142
122 146
191 193
184 154
142 156
74 98
155 118
41 199
59 78
172 123
178 174
138 98
136 169
178 41
135 196
73 192
168 82
52 56
108 97
192 102
136 96
177 146
70 158
161 20
122 80
98 124
193 161
132 43
122 185
89 44
140 113
144 24
101 37
67 54
92 155
50 23
52 170
93 161
159 113
128 21
159 74
141 191
138 136
111 55
157 102
98 189
137 104
148 155
93 165
163 40
96 162
114 175
178 44
121 40
98 156
158 173
57 26
181 174
45 110
130 52
135 124
42 180
76 177
87 112
122 30
165 67
196 144
162 190
87 90
142 198
195 190
47 121
46 105
161 88
108 96
139 174
136 196
192 26
163 75
154 94
156 179
148 86
167 39
175 174
147 162
64 87
83 112
87 52
52 180
143 69
168 102
156 119
62 50
88 35
162 123
187 42
62 21
87 40
66 142
87 113
61 110
109 196
194 155
172 75
181 174
69 179
62 104
93 173
50 34
52 197
40 33
165 162
63 134
105 78
117 93
75 32
43 71
61 156
146 141
57 33
146 79
107 179
145 33
199 21
40 154
116 76
192 47
101 198
169 192
198 140
190 160
86 52
69 182
104 160
98 154
48 128
176 64
180 71
133 131
116 127
76 172
48 145
80 185
58 55
172 96
84 78
143 183
117 190
140 191
174 58
182 134
49 91
155 122
161 104
151 84
136 177
49 37
177 46
188 35
154 82
50 132
113 161
130 101
171 53
194 151
57 155
100 153
148 125
127 131
58 91
125 42
65 116
53 183
41 32
199 93
59 99
104 168
65 116
171 136
59 60
174 98
90 133
198 80
64 62
160 44
172 51
46 142
76 144
117 184
41 93
163 58
187 92
115 116
78 114
189 87
146 191
116 51
61 139
62 139
40 111
40 84
64 72
121 50
193 74
119 143
74 120
184 43
64 96
111 107
108 151
41 156
129 51
162 133
179 75
200 73
45 143
175 151
187 22
155 97
99 166
180 161
113 170
112 109
93 167
118 97
57 67
49 119
165 89
154 198
183 187
107 152
132 111
169 37
95 107
145 55
182 145
113 176
140 104
43 67
133 152
150 60
95 31
75 50
144 107
146 53
80 189
180 133
143 120
168 137
163 169
185 132
139 136
79 54
132 184
143 87
145 47
110 138
199 138
163 115
159 60
113 102
67 195
94 189
157 99
95 96
194 31
88 39
126 134
178 192
180 50
169 28
156 163
134 165
162 150
59 174
143 93
184 143
99 197
95 166
197 34
196 69
53 189
125 69
62 102
58 73
69 197
200 101
107 124
165 139
158 162
45 119
183 37
192 188
54 27
52 169
129 101
126 21
116 62
95 142
83 135
165 110
152 117
68 28
137 138
185 45
134 179
106 149
140 100
197 83
196 146
156 178
165 48
44 72
169 54
124 169
138 70
65 114
99 24
76 25
147 164
151 76
84 37
188 99
180 174
71 101
131 117
59 43
41 71
56 167
130 100
118 106
196 166
75 147
77 193
150 53
87 177
43 128
153 36
164 169
93 23
85 128
81 66
147 183
110 106
161 32
49 79
98 142
115 122
140 53
152 35
63 38
112 167
168 30
180 23
165 65
189 98
179 21
46 45
142 162
145 53
128 28
99 109
122 50
149 138
67 37
120 137
66 20
168 141
123 166
177 67
185 101
140 153
167 163
119 23
180 130
177 125
133 151
87 153
80 37
110 158
182 44
139 85
125 131
154 89
89 116
166 135
43 38
174 78
71 156
83 153
176 114
162 140
174 174
157 24
111 61
156 92
106 45
51 100
159 75
135 118
50 61
85 94
178 109
155 76
95 102
154 21
40 95
148 130
133 189
41 41
150 142
146 49
107 35
58 22
187 69
143 137
187 180
69 72
144 116
113 76
157 180
72 49
88 157
74 95
116 158
74 135
178 157
101 196
160 43
74 75
105 73
192 184
155 157
128 164
48 196
165 70
80 131
42 140
74 133
121 172
130 135
197 53
85 185
189 160
137 64
159 101
116 23
70 92
117 87
43 137
111 106
155 126
153 31
189 79
200 192
108 139
160 93
132 114
75 25
128 20
128 52
175 198
146 105
94 162
46 169
89 126
144 102
134 190
93 124
183 146
107 156
99 105
93 72
88 163
152 114
84 128
183 173
77 187
192 44
138 116
194 114
48 41
155 40
141 40
136 124
136 27
195 137
165 150
87 167
63 27
127 68
131 59
61 167
172 104
195 94
92 51
145 46
87 114
63 57
62 108
51 172
152 56
72 95
113 58
