64 54
160 104
42 108
74 124
41 139
96 134
167 156
107 65
123 24
120 44
106 154
180 183
136 177
71 179
125 66
142 56
157 146
131 41
160 124
123 197
101 110
149 66
130 83
51 168
76 134
197 66
88 36
40 168
191 187
86 135
126 124
174 69
92 66
164 131
110 50
174 66
145 106
181 45
107 23
53 43
130 155
171 49
178 32
51 175
99 54
124 125
54 27
84 184
141 196
75 43
96 188
82 49
171 26
53 97
66 68
117 167
43 168
75 197
148 69
90 113
53 50
190 122
166 90
119 167
120 41
87 135
83 67
57 173
157 151
77 188
156 90
159 60
74 124
136 147
186 183
178 25
178 27
147 66
82 136
73 107
172 35
76 155
192 84
171 179
49 161
98 158
170 159
117 157
175 26
77 112
69 156
122 135
130 181
161 144
41 83
46 198
86 84
159 90
140 173
177 174
129 59
136 90
51 81
64 155
47 179
41 101
65 60
200 112
158 157
130 48
51 23
83 197
99 185
106 122
167 191
102 75
66 197
192 157
186 146
181 133
136 185
45 193
61 80
56 122
165 44
112 83
190 142
141 56
189 66
70 64
101 31
189 90
118 61
137 120
68 102
79 156
176 59
62 23
44 160
155 146
40 78
192 128
154 150
142 44
131 197
87 147
189 61
143 158
72 128
86 82
120 167
88 139
74 108
179 161
95 42
170 70
87 81
93 147
178 97
71 192
113 29
157 53
122 177
178 125
105 44
158 87
147 177
44 156
164 73
138 198
41 115
122 160
75 177
192 109
137 138
144 142
46 133
45 81
50 41
48 51
44 161
124 115
50 22
188 182
41 186
134 124
66 174
44 133
104 105
200 29
101 135
80 182
121 45
87 157
43 188
106 118
137 125
152 117
121 129
149 123
44 126
84 148
53 71
103 139
139 58
128 138
66 133
106 59
187 96
77 28
146 175
90 33
170 87
143 35
179 80
141 22
190 147
119 60
103 127
116 172
80 36
138 123
114 34
116 183
174 68
152 36
198 73
156 117
59 80
129 60
132 42
147 128
106 68
154 56
168 124
58 134
97 103
161 62
154 47
44 106
113 66
83 147
137 102
140 124
197 128
124 26
149 149
174 180
121 132
78 160
43 195
70 51
109 171
166 36
59 152
61 144
82 133
75 44
158 115
129 119
116 194
96 126
183 24
47 196
41 94
188 52
92 61
52 22
148 112
183 122
107 166
85 189
51 181
177 187
48 66
168 83
45 51
136 125
114 146
109 76
78 187
188 104
46 107
81 160
143 37
93 27
71 184
192 83
107 116
193 167
107 111
100 43
91 147
158 33
84 132
49 21
72 104
44 21
100 98
194 35
76 61
78 200
91 125
162 189
157 190
116 97
119 97
80 57
145 26
148 187
192 35
74 178
165 91
115 199
112 115
128 21
171 121
127 194
178 132
90 37
65 76
179 159
59 74
152 134
145 97
176 190
131 119
173 90
165 80
65 177
118 105
80 96
140 168
86 64
102 30
163 150
101 29
112 57
91 73
143 177
53 141
83 75
155 162
146 45
57 156
194 78
58 99
116 172
102 58
200 99
172 69
171 173
171 169
79 171
175 30
132 76
200 159
91 179
85 99
140 81
177 103
76 99
171 115
92 90
101 35
188 94
129 141
170 48
79 47
106 72
123 38
130 151
62 30
60 100
77 105
52 81
74 51
198 131
47 22
189 20
176 198
94 152
118 76
56 111
164 168
68 96
78 171
79 50
58 192
147 26
156 30
171 29
122 163
54 94
199 78
198 24
99 136
143 154
178 101
76 32
55 117
80 145
140 97
168 176
130 20
198 199
48 27
186 72
103 106
99 95
66 180
99 68
89 165
82 200
47 59
109 180
98 112
175 165
123 136
169 37
156 197
154 33
59 166
122 110
81 197
162 110
134 91
145 74
97 98
92 81
96 192
103 99
172 172
136 48
73 187
133 106
109 42
61 51
167 61
162 34
160 67
95 97
53 161
97 70
142 174
196 115
83 103
162 90
117 121
98 91
136 192
51 180
115 52
107 129
142 169
197 42
146 144
165 100
71 119
187 191
200 92
117 28
170 64
160 47
98 123
171 182
113 132
101 62
81 165
198 95
103 95
159 63
197 186
116 75
179 103
116 157
70 97
81 120
96 169
68 59
53 60
79 24
163 20
86 31
166 125
164 85
95 79
169 26
83 146
162 31
161 110
89 171
197 35
187 48
145 127
147 61
45 28
53 133
49 146
185 151
56 194
181 174
110 178
41 122
105 147
106 146
189 181
127 113
125 184
151 103
160 92
67 155
89 63
149 153
46 152
83 155
56 196
196 142
163 184
70 66
150 185
168 124
171 32
133 50
112 129
181 106
78 68
191 175
139 102
158 186
122 116
52 122
149 197
183 29
168 87
58 33
160 91
199 74
75 24
103 27
144 145
77 91
186 145
94 172
181 35
82 93
97 148
159 40
113 36
168 142
63 92
82 71
58 144
156 61
200 196
195 53
101 183
57 33
200 57
139 200
174 93
49 45
199 21
40 69
199 177
83 145
186 72
66 179
123 107
112 111
75 144
48 32
176 167
136 200
150 93
43 83
106 88
189 151
132 73
62 151
74 159
168 66
106 166
49 89
184 23
147 37
134 89
158 71
149 34
187 66
171 147
173 91
109 53
67 151
200 52
163 157
82 40
164 152
162 119
157 40
151 36
87 126
125 165
59 195
107 27
195 139
70 136
192 138
160 190
78 77
127 195
41 97
149 124
67 87
163 116
174 139
40 63
94 167
119 67
70 189
155 31
94 67
127 173
58 128
139 168
89 181
176 149
162 197
48 97
181 149
178 25
176 176
109 22
100 144
156 152
44 77
144 64
62 169
171 192
138 136
109 117
178 168
175 106
74 91
52 54
136 166
162 79
123 154
46 54
188 151
116 73
152 107
115 147
121 169
136 155
134 185
61 166
114 114
185 62
164 75
149 123
138 44
150 114
192 96
95 122
190 179
86 195
174 180
105 82
112 30
112 31
117 118
177 117
148 136
53 69
128 78
40 95
177 38
179 123
145 110
167 69
107 77
96 79
189 128
150 125
185 111
41 113
186 47
111 162
187 128
86 133
182 26
135 119
57 190
154 94
144 30
89 147
139 52
114 54
84 171
82 156
109 179
87 59
91 48
54 55
155 145
125 151
74 96
64 44
133 135
41 31
162 123
130 54
197 176
62 24
111 92
151 134
118 173
113 200
62 57
75 137
89 137
60 115
191 98
60 133
63 187
147 34
108 121
147 40
123 147
126 40
92 62
179 64
95 108
110 66
73 88
60 154
168 168
46 33
192 178
70 68
157 163
170 79
147 150
124 34
47 191
82 193
117 70
181 40
50 79
117 52
126 189
49 81
151 34
56 156
41 66
65 88
185 40
99 198
70 92
188 63
93 166
118 108
80 184
66 34
43 106
79 174
182 144
123 64
168 117
87 55
189 152
110 42
157 57
137 81
86 200
170 169
76 168
99 136
95 49
98 171
194 141
163 75
174 20
110 54
181 108
145 177
164 69
89 122
145 107
191 166
153 176
44 140
74 86
42 53
117 109
158 184
45 111
90 47
43 137
60 63
185 49
158 85
141 89
99 93
78 115
74 75
124 38
46 167
40 107
94 182
184 71
170 160
138 149
118 161
168 107
145 82
134 127
184 151
115 193
123 127
176 31
74 88
73 33
84 173
82 66
64 135
184 66
109 36
151 145
43 162
182 88
163 106
154 171
59 40
150 166
63 125
107 90
87 167
59 42
45 133
170 135
93 38
193 120
129 37
158 121
56 127
159 62
192 129
124 74
129 36
99 142
46 109
170 30
115 147
149 77
52 170
83 78
72 165
182 166
68 140
200 162
97 83
110 37
48 33
92 134
190 156
92 147
84 86
189 31
62 64
197 180
77 119
143 24
184 152
127 166
59 51
82 177
81 69
104 158
84 131
145 79
82 54
175 183
140 180
94 100
145 200
85 198
167 80
66 68
80 38
104 76
72 188
45 166
179 164
140 176
40 47
184 116
63 60
92 88
49 194
97 191
71 169
126 63
67 166
123 32
43 49
125 99
153 146
178 53
144 120
126 174
184 46
45 23
166 46
55 54
44 128
79 90
44 113
153 92
154 52
195 136
157 119
125 23
154 188
102 27
49 41
101 195
63 86
53 57
196 46
148 154
81 197
129 27
41 173
84 57
68 131
58 60
195 192
194 103
70 37
198 131
100 35
197 62
57 142
182 51
46 46
111 117
197 174
193 66
176 118
179 174
177 102
190 127
97 142
80 129
172 95
139 155
188 54
117 133
72 151
177 24
73 24
184 30
40 117
58 35
81 111
60 98
157 164
190 155
142 104
107 62
112 145
41 94
121 162
161 83
113 153
165 165
54 97
144 107
189 143
145 129
42 91
76 40
179 200
154 200
82 190
175 21
132 106
137 170
57 74
76 41
187 66
122 86
196 35
165 192
101 95
151 181
120 37
57 173
153 58
182 108
195 181
161 103
130 51
59 50
76 167
94 104
177 93
178 32
185 200
128 184
144 169
115 176
94 115
172 51
139 95
79 182
172 182
158 45
92 119
105 103
40 196
148 118
172 51
198 42
42 139
130 113
57 28
68 68
162 83
112 183
174 103
174 107
126 170
44 58
190 187
54 101
92 191
46 75
86 29
83 170
199 184
58 143
135 54
190 162
41 173
102 200
91 106
130 187
173 109
140 89
116 153
58 95
51 111
118 61
182 63
92 53
49 193
186 78
118 26
112 39
86 50
151 97
77 199
44 57
183 86
136 55
75 144
141 45
62 162
95 84
61 94
179 26
185 53
84 183
179 198
100 131
53 35
130 67
61 90
146 179
119 111
173 48
190 174
101 83
48 40
75 199
41 25
177 101
43 72
96 157
166 121
61 107
63 190
144 30
70 76
192 191
112 183
187 170
131 87
123 97
80 30
121 99
147 183
96 94
135 146
73 162
154 105
187 32
78 172
140 24
155 136
123 23
189 51
104 77
119 190
106 189
131 33
104 187
90 184
185 26
50 80
69 21
82 136
134 34
112 63
135 84
173 39
198 190
70 119
200 26
132 77
184 28
82 152
123 47
61 193
167 87
137 90
52 66
58 159
93 127
124 58
150 113
164 117
142 158
152 52
110 106
167 85
51 21
122 109
56 22
86 90
190 103
69 81
92 90
95 186
55 20
82 105
115 128
175 199
157 121
85 81
49 61
187 98
153 40
64 47
52 105
123 48
69 190
143 170
147 87
92 156
73 87
121 97
53 35
115 122
157 199
147 58
58 139
97 196
50 66
126 135
114 60
106 94
70 158
64 128
77 68
120 68
95 151
87 175
139 45
155 158
121 131
74 114
102 194
116 148
123 108
106 46
60 121
50 108
120 94
123 164
186 174
130 114
179 172
131 157
195 86
163 21
156 199
174 156
56 106
122 111
140 141
80 148
107 111
125 184
43 65
133 65
140 153
146 82
57 81
82 134
122 158
175 161
197 170
57 184
151 81
140 137
70 185
132 169
187 42
128 187
153 102
133 84
169 63
173 178
89 143
86 151
145 164
180 167
62 32
183 166
188 189
84 125
154 23
100 42
119 34
98 120
62 176
44 176
140 98
132 71
78 77
118 176
191 83
54 73
114 84
52 65
199 162
92 46
104 153
113 189
90 135
59 117
144 154
197 193
107 112
81 133
77 77
106 21
73 66
168 121
158 35
195 38
114 82
156 114
173 135
51 173
63 51
130 157
122 142
95 103
72 143
92 40
143 167
119 90
129 39
189 26
58 80
134 23
175 84
65 123
144 141
87 35
64 50
64 152
187 165
195 159
123 194
133 184
97 94
173 51
77 48
97 178
63 84
154 193
72 48
144 186
83 127
162 179
55 24
69 41
51 111
176 36
198 99
53 161
187 86
187 130
110 60
141 65
112 111
200 169
191 93
145 166
101 139
133 179
149 90
175 70
94 37
161 75
92 118
68 145
93 147
67 24
98 33
92 109
77 144
82 155
177 128
155 182
154 139
71 61
160 195
123 122
127 89
87 79
48 107
44 55
125 32
55 67
165 101
161 45
65 121
89 111
107 177
181 188
75 200
161 101
90 198
72 35
70 143
114 79
51 192
66 173
200 95
167 133
191 124
177 134
102 186
149 85
79 55
193 28
167 105
125 69
177 164
123 169
157 62
187 171
120 186
198 122
51 75
136 20
100 200
92 172
78 41
41 86
116 104
135 115
72 165
146 139
141 165
151 119
152 118
149 108
117 181
116 123
191 56
139 52
152 82
104 34
96 81
137 46
150 156
70 22
92 118
126 191
90 198
75 124
113 170
191 153
98 20
118 51
109 107
120 188
116 190
51 91
129 197
180 99
119 78
134 95
107 178
180 120
61 109
163 137
166 34
176 33
158 32
188 21
104 141
170 124
193 111
96 40
56 22
81 85
118 194
149 48
146 81
85 170
113 79
43 181
141 140
92 118
103 37
149 172
64 50
84 182
43 86
164 58
94 140
110 155
175 128
96 150
153 165
193 142
191 31
88 76
84 167
126 132
48 74
136 62
103 47
129 41
49 127
97 68
49 20
127 171
76 126
102 80
121 140
127 112
176 66
44 48
108 64
132 164
116 68
153 125
124 49
65 44
182 154
84 81
187 44
200 125
197 46
98 140
120 73
123 140
174 65
162 113
116 61
128 165
173 57
93 97
103 169
76 88
101 149
176 58
64 137
52 197
67 123
108 156
176 31
40 155
67 28
44 141
71 114
115 134
101 132
193 78
54 168
62 111
46 197
96 171
152 79
84 44
47 125
140 58
109 26
199 117
150 108
48 100
115 149
81 196
123 20
60 36
134 184
80 155
127 70
93 145
58 135
118 59
64 148
167 155
173 82
103 41
64 158
103 72
105 41
118 82
164 38
134 43
175 131
133 59
106 55
133 101
98 151
114 140
104 188
104 133
55 28
170 55
85 26
174 104
140 63
171 197
53 164
41 172
123 110
55 51
172 46
132 98
101 68
42 172
119 39
168 96
62 50
91 115
106 26
199 103
49 58
137 59
46 131
198 87
134 58
135 30
47 198
57 52
88 192
190 29
49 111
142 110
194 124
175 90
43 64
65 123
166 98
158 122
46 129
107 192
148 45
184 88
102 54
56 86
94 184
121 133
58 60
133 66
168 111
85 156
94 98
122 113
118 122
73 115
122 170
149 54
129 173
95 71
190 52
107 49
93 148
142 155
109 128
159 164
65 152
40 92
41 182
92 63
132 190
192 91
79 23
179 67
72 125
72 130
176 144
100 41
168 45
198 46
45 75
50 75
46 32
102 111
80 66
110 198
174 63
102 20
143 176
62 130
102 23
156 116
160 153
194 77
75 74
104 105
146 75
198 131
98 153
124 197
177 127
64 38
136 145
144 169
198 127
163 37
47 93
192 177
105 169
156 197
122 57
53 118
104 104
158 94
44 170
49 122
57 124
102 103
100 141
67 169
53 64
193 50
100 177
127 99
141 149
76 40
58 27
99 190
82 97
52 119
145 30
89 196
153 194
119 145
80 93
166 46
98 155
146 39
107 80
60 169
80 197
165 40
117 51
43 119
182 55
194 180
87 25
162 144
74 33
89 25
42 116
89 104
69 97
80 96
183 90
143 157
157 62
149 182
57 194
90 25
169 39
77 56
151 115
86 141
180 195
102 87
120 82
97 124
173 80
196 79
129 200
125 124
200 124
74 127
193 66
147 40
120 78
144 154
157 179
51 180
86 111
61 142
77 55
108 160
112 77
187 162
44 83
53 189
133 20
117 49
182 140
126 160
166 150
57 21
108 23
67 132
58 57
162 63
193 46
197 56
83 188
173 148
117 75
131 42
155 112
57 122
169 87
66 54
150 200
52 167
177 156
140 103
82 48
167 149
97 183
76 21
84 131
171 37
62 60
43 61
187 172
115 193
173 49
179 121
178 39
84 124
143 196
69 38
67 169
49 125
188 59
162 133
79 34
40 200
101 32
180 193
164 91
180 34
153 169
156 45
172 179
103 37
93 80
154 154
128 37
125 144
75 176
45 122
179 75
111 30
87 165
64 139
54 162
131 105
49 142
51 178
91 73
172 54
197 20
90 25
137 77
75 65
69 75
96 130
118 27
62 85
198 171
138 148
58 64
163 26
68 112
60 100
90 158
47 95
150 117
44 42
138 81
110 87
139 78
177 102
159 103
114 71
88 75
56 70
47 178
43 30
58 56
155 41
119 51
114 98
143 148
108 183
53 166
59 22
163 75
76 154
133 144
145 43
61 152
40 107
189 185
78 22
149 134
145 48
55 136
181 101
171 196
127 119
61 54
199 96
100 191
140 73
189 196
184 30
85 48
128 172
81 114
61 123
65 139
114 87
116 43
172 156
51 171
62 154
154 126
131 76
70 181
78 147
93 20
182 57
152 83
108 58
119 155
129 149
186 37
194 188
90 162
198 53
55 192
174 129
195 162
78 119
101 85
109 198
163 63
47 35
107 52
68 195
171 48
117 192
57 149
88 99
77 84
80 65
120 189
97 190
48 108
159 53
90 121
165 152
112 107
164 47
200 180
73 131
128 134
187 172
51 129
170 158
85 138
84 187
114 59
69 58
51 100
150 110
139 135
111 112
115 32
128 187
93 130
147 41
55 137
174 139
113 122
180 40
127 77
95 81
77 84
148 71
177 80
78 23
188 34
73 106
55 43
60 167
136 140
191 101
69 146
76 67
158 130
162 152
159 131
195 143
106 105
134 158
113 145
83 188
42 178
68 62
147 78
196 143
199 146
96 148
166 180
68 60
132 77
188 70
168 66
116 66
194 110
178 187
55 25
61 79
161 60
88 38
56 107
166 25
57 57
62 95
49 50
63 188
113 63
195 131
102 99
166 46
129 165
112 59
128 77
110 84
77 69
132 180
182 133
80 78
72 86
41 23
180 182
156 170
189 110
134 152
45 132
40 120
180 187
44 77
67 32
136 39
149 25
128 158
138 154
117 86
86 22
114 67
72 190
131 98
56 53
135 114
104 67
133 166
110 85
197 174
199 139
66 148
158 114
72 123
157 114
192 37
142 177
87 112
186 25
43 105
159 40
194 52
107 64
156 22
85 69
141 60
101 159
198 176
157 110
158 61
189 131
105 156
71 175
73 87
132 74
184 162
82 22
186 24
89 68
56 132
160 134
186 140
138 83
45 73
142 87
74 59
185 94
132 74
92 106
188 175
197 60
150 30
197 21
130 141
129 84
65 117
169 28
69 44
112 74
71 77
152 156
75 190
151 57
195 175
134 141
119 86
149 38
101 169
60 123
145 74
71 29
179 34
125 58
44 93
65 73
199 67
81 99
196 69
120 83
129 62
104 24
182 59
141 183
45 96
47 176
103 173
98 197
95 47
43 92
190 187
124 134
116 172
173 77
187 159
172 119
68 49
99 142
174 112
44 160
52 195
178 28
185 84
194 135
48 178
94 129
144 117
102 98
200 22
69 161
145 191
170 69
50 96
127 90
57 80
155 96
154 71
67 34
113 54
83 158
81 191
163 42
43 54
64 99
89 54
149 94
189 134
68 121
66 34
188 29
177 22
171 45
174 45
60 95
43 63
200 141
78 145
151 120
52 60
115 149
135 158
111 70
48 77
85 141
44 68
141 138
77 29
167 83
48 39
135 185
51 31
168 38
143 129
48 43
82 104
111 91
41 171
161 172
186 82
128 125
76 198
75 25
169 136
176 38
71 66
81 137
67 198
164 188
90 136
148 186
147 153
62 58
171 42
120 152
108 101
132 59
180 93
130 170
135 20
180 132
76 116
166 148
126 189
73 187
116 152
80 141
114 81
74 99
108 30
169 197
88 167
189 156
133 200
130 159
40 150
95 90
45 38
196 200
41 194
167 114
182 187
142 87
74 123
135 194
158 177
97 183
124 105
179 65
90 75
73 84
80 164
175 111
95 97
113 94
193 103
144 41
147 42
56 133
65 21
44 186
186 157
80 71
131 39
126 29
181 155
95 124
138 46
157 112
157 25
75 54
65 129
176 22
142 185
175 158
128 112
68 115
84 135
102 177
141 98
65 43
185 129
70 167
85 76
75 92
52 32
81 106
150 133
121 148
97 98
136 25
97 151
193 123
197 25
117 80
197 34
195 186
52 121
136 141
62 110
56 141
187 60
80 41
171 92
164 97
107 87
149 81
136 23
141 60
66 152
174 137
165 128
88 149
117 136
80 82
144 62
56 173
74 108
49 28
46 89
104 109
40 123
120 123
134 161
42 78
101 182
64 189
51 188
70 63
180 109
45 125
63 177
68 174
146 185
49 47
91 170
137 147
93 168
180 118
74 143
193 40
78 180
189 30
191 158
161 114
119 155
134 128
178 21
185 188
117 159
120 165
126 38
88 88
141 165
181 156
135 132
174 27
46 155
190 69
144 79
125 47
154 93
112 66
122 157
172 145
40 120
115 86
178 84
61 94
187 138
155 39
87 116
181 70
115 185
80 167
198 123
63 36
44 111
83 171
190 175
198 115
176 102
41 173
192 20
56 96
188 28
63 34
188 181
144 162
185 31
106 179
109 168
44 40
80 165
172 51
78 134
60 147
192 166
197 40
126 99
103 157
192 90
176 101
198 67
141 178
156 51
172 195
87 89
71 47
155 71
86 79
118 69
101 105
73 44
99 173
87 158
80 174
122 182
155 39
47 187
129 108
123 111
170 161
49 76
125 58
91 90
146 85
87 64
138 113
192 168
159 28
151 82
166 32
116 116
179 200
143 138
117 170
150 35
68 166
161 115
136 85
141 136
121 74
170 74
180 20
126 43
72 173
184 52
66 102
42 193
55 200
134 41
95 119
141 27
152 136
62 20
59 130
96 152
186 145
59 24
85 124
174 91
153 38
101 157
48 35
103 50
151 95
146 24
168 162
183 60
162 27
168 30
48 142
149 142
60 146
87 124
54 159
50 30
88 71
67 101
165 26
53 87
45 198
65 143
119 141
159 26
66 94
110 150
50 90
142 149
181 103
121 35
150 197
62 174
157 67
176 63
51 197
44 91
122 188
169 167
108 22
172 193
150 39
107 103
95 119
153 181
85 117
188 195
125 48
70 152
79 112
102 63
165 47
82 28
106 55
174 167
179 105
93 154
159 43
135 152
85 110
179 40
77 57
188 152
57 157
190 150
130 107
97 148
178 103
137 85
88 113
156 188
45 67
181 177
120 103
69 95
198 147
54 153
200 24
176 43
102 178
114 137
199 195
44 24
47 137
41 180
190 175
146 115
116 124
185 76
87 140
45 23
158 87
194 177
97 151
83 178
154 154
135 41
188 51
109 150
88 186
170 51
192 29
115 117
176 69
172 80
127 92
57 136
107 55
49 141
196 114
156 62
90 56
137 33
179 196
60 148
69 105
46 22
172 115
195 30
88 127
117 87
188 124
168 32
175 163
95 42
129 178
195 138
146 161
141 72
139 32
71 182
64 104
65 36
53 197
158 53
132 87
68 191
198 153
142 187
72 106
125 92
141 123
132 83
92 132
56 133
180 127
148 107
93 194
151 106
45 32
106 30
137 121
56 180
66 133
59 70
51 170
66 49
164 136
154 105
186 69
60 21
150 81
87 113
145 62
175 86
157 21
65 56
118 150
185 152
105 188
100 177
132 131
170 187
60 115
91 25
104 131
144 182
48 61
108 191
107 130
193 166
57 138
151 168
64 184
71 138
168 101
177 45
57 104
69 175
125 54
64 69
119 58
136 39
90 46
79 68
126 75
180 181
138 94
126 118
172 172
46 84
109 27
86 105
71 60
152 70
171 88
170 104
182 182
110 109
152 186
62 29
57 69
91 161
147 79
48 191
171 35
153 162
191 47
122 39
59 189
183 35
47 137
127 126
90 89
81 162
143 25
112 190
148 91
58 73
92 112
74 143
43 130
150 40
50 43
130 109
116 180
186 138
166 35
196 106
117 159
180 82
153 187
45 65
166 141
191 29
108 34
68 170
98 167
164 26
112 67
106 78
76 32
176 191
170 149
60 162
50 100
54 177
181 54
93 180
189 200
57 105
105 49
141 89
192 96
90 179
67 105
95 48
180 176
55 56
132 168
74 39
40 80
49 87
177 111
114 97
67 157
179 200
84 155
198 79
94 199
62 76
51 160
112 181
48 144
88 118
162 101
160 35
122 169
78 166
87 141
53 118
109 198
94 76
122 102
70 173
119 78
190 196
168 34
101 45
67 196
73 197
100 51
59 84
125 31
126 60
153 148
52 57
122 120
108 120
198 26
42 191
184 143
85 141
114 150
59 168
64 167
173 121
189 41
46 167
106 71
74 42
45 164
195 62
57 129
169 199
169 134
164 127
79 41
132 32
145 94
143 169
107 42
152 193
158 74
58 173
185 194
168 73
102 35
125 127
69 28
117 161
108 48
189 58
189 101
49 105
103 127
149 159
60 38
172 128
70 84
101 100
91 107
100 177
181 132
132 91
100 150
51 164
198 153
99 88
71 195
75 195
95 128
147 84
172 95
65 62
124 165
67 112
57 153
94 193
52 98
164 106
79 39
131 171
86 179
102 42
51 82
76 187
54 197
85 108
143 92
84 71
157 138
79 142
70 145
86 97
129 65
176 126
77 102
111 107
164 86
131 140
108 69
56 161
80 93
53 100
150 98
82 122
70 81
60 126
176 22
104 160
117 80
156 155
188 172
177 185
161 73
70 26
174 96
114 160
185 32
190 146
181 74
70 182
49 62
142 155
80 84
192 76
196 120
83 93
81 44
170 117
73 175
115 178
138 197
174 28
139 26
85 129
144 196
188 53
200 20
135 49
71 60
115 96
114 177
62 109
145 54
194 51
141 64
170 160
135 63
73 97
158 107
63 104
140 176
131 27
72 110
165 47
95 167
182 107
191 135
113 94
118 43
49 47
193 154
147 184
92 197
65 115
107 93
68 153
131 136
113 189
163 47
87 194
186 188
166 160
120 173
48 28
153 147
70 159
64 184
110 154
187 78
83 41
144 174
157 38
74 177
131 44
105 102
71 184
188 188
75 29
96 125
104 89
188 111
110 143
87 36
145 173
189 94
113 123
192 106
137 160
134 94
194 64
180 66
113 53
161 124
50 53
200 102
45 161
195 121
81 74
66 23
182 43
185 158
100 182
126 27
48 114
180 138
193 163
113 136
175 150
77 137
106 102
157 38
76 60
122 125
73 76
173 130
144 110
108 88
96 84
107 170
113 50
83 181
68 129
172 73
88 97
185 159
155 40
56 105
143 159
193 155
82 20
125 174
195 195
157 147
50 183
124 59
131 160
40 20
74 106
97 96
143 171
122 31
90 40
85 55
176 128
194 126
89 67
176 29
194 83
134 70
106 123
61 145
73 153
155 102
63 134
122 157
49 45
114 51
198 42
172 57
63 76
170 21
98 172
62 158
124 161
145 82
199 175
190 175
74 115
97 57
83 125
40 102
108 132
167 106
128 132
147 33
160 54
188 85
160 155
147 28
59 164
168 120
107 151
115 52
134 81
107 184
51 200
183 23
132 136
132 31
54 39
79 65
153 74
91 82
118 169
197 167
68 188
193 48
173 128
148 192
192 160
138 32
129 69
113 184
169 63
134 102
58 84
173 134
185 94
63 198
178 196
165 161
60 125
159 81
169 189
59 47
149 190
131 141
154 145
177 137
178 179
181 185
169 39
196 70
68 162
166 105
107 132
83 101
108 181
123 139
127 166
173 83
116 26
77 39
137 91
60 20
196 160
100 85
198 112
72 68
89 61
114 182
95 126
172 157
47 82
126 75
55 106
146 55
42 145
194 78
165 101
61 196
56 147
176 109
151 197
134 59
51 51
118 76
112 103
117 63
65 155
143 70
48 62
76 150
112 78
189 179
102 41
92 59
42 90
48 115
101 54
161 22
91 192
56 187
104 162
155 28
123 39
65 40
198 165
122 68
134 37
103 173
119 197
116 85
191 200
172 170
160 187
159 140
164 44
68 199
85 32
89 174
100 160
88 176
84 69
139 72
105 130
200 133
67 127
174 91
40 116
84 154
166 38
128 140
67 190
159 196
134 61
124 196
154 157
116 200
60 129
106 59
56 188
114 145
117 133
174 186
46 96
53 182
66 193
45 45
154 76
45 92
117 61
78 31
156 87
48 156
92 53
146 70
55 32
103 145
129 184
176 132
94 58
154 138
126 93
175 106
186 130
84 83
140 93
138 123
194 21
190 66
186 85
159 53
105 64
143 200
90 70
193 108
98 132
59 56
115 31
109 121
163 102
179 163
45 173
95 57
59 20
176 103
113 182
117 160
113 50
172 143
72 55
172 115
83 48
129 27
41 43
49 30
84 150
46 141
176 103
77 183
58 106
95 126
142 140
116 57
198 132
58 138
169 22
145 113
83 52
120 152
114 161
115 91
146 181
93 70
98 179
160 170
194 99
107 34
59 109
56 33
181 22
53 122
134 88
184 89
179 92
84 126
133 182
53 40
164 52
42 162
90 186
129 26
66 123
50 60
80 181
158 111
136 153
79 107
106 42
120 111
183 98
161 184
76 168
146 62
114 76
180 68
91 57
51 29
135 129
87 84
92 33
88 62
49 76
59 71
93 32
48 150
87 133
117 44
45 75
101 188
142 77
193 195
141 192
97 95
134 30
81 93
197 142
58 159
44 39
63 198
114 35
72 171
176 191
194 90
197 44
145 108
166 128
186 165
103 125
82 192
156 42
177 195
154 136
191 25
59 197
200 125
183 165
42 177
124 119
85 164
43 89
43 161
137 34
64 133
125 195
44 154
153 126
191 49
76 92
132 93
75 194
122 94
168 82
78 193
67 113
94 156
148 183
118 71
56 24
150 53
182 69
166 188
115 94
162 149
154 98
47 184
115 41
75 64
134 191
86 36
98 25
63 154
182 29
56 65
134 194
199 147
161 96
151 160
198 54
108 47
81 94
172 110
170 55
80 78
67 91
49 184
176 198
43 58
183 119
193 40
148 135
56 174
47 32
158 108
56 149
149 86
126 76
49 199
185 139
58 161
128 22
136 67
169 190
156 174
114 164
183 157
105 29
108 80
42 127
60 115
107 48
103 150
58 49
90 52
154 71
175 53
167 57
138 192
178 146
110 75
141 97
139 25
120 78
123 96
42 85
110 128
137 122
71 183
160 60
74 151
120 131
176 148
46 88
181 155
110 145
165 41
84 79
88 26
167 137
115 146
170 25
93 193
62 176
156 150
82 96
191 170
61 136
51 121
129 44
145 141
106 97
83 104
139 114
84 65
149 171
113 136
75 165
188 102
155 65
111 155
93 48
52 50
131 41
92 30
179 144
126 131
178 67
140 46
123 103
142 147
103 104
182 186
101 157
156 57
173 23
144 24
169 32
178 108
171 60
170 148
49 199
194 119
197 179
149 66
134 175
166 78
122 78
109 75
119 140
75 197
167 158
183 124
62 80
143 144
189 26
162 105
125 112
134 37
111 42
42 97
75 176
120 29
128 188
94 200
64 31
45 21
111 59
98 153
148 24
153 185
79 185
159 97
84 90
55 57
108 98
46 100
104 170
73 165
76 72
78 56
142 151
92 33
125 174
116 63
110 85
132 48
41 149
106 44
107 81
56 35
188 24
80 131
45 147
132 54
87 121
53 164
62 52
151 31
139 153
96 157
117 130
41 177
128 173
109 164
65 134
173 87
169 88
170 180
173 46
99 167
112 41
43 189
159 102
179 163
199 34
123 171
105 155
123 51
143 102
51 77
186 65
178 116
51 171
40 134
170 113
95 80
164 43
197 147
64 102
170 131
46 165
152 24
136 85
129 21
51 123
43 198
96 146
86 183
183 190
169 45
124 41
50 167
184 120
94 88
61 40
167 163
148 111
50 164
79 125
174 96
157 26
184 74
119 169
179 21
188 96
136 27
196 161
82 163
169 29
93 39
112 107
175 77
83 175
195 157
65 141
57 138
180 129
110 188
81 146
51 168
95 95
185 198
82 67
89 61
190 45
138 27
149 156
56 168
129 104
131 142
64 141
174 128
190 137
165 71
52 95
133 46
116 114
186 49
189 172
87 123
54 134
127 47
87 114
162 37
72 82
157 38
98 95
109 119
83 115
64 142
80 119
80 185
66 182
63 83
74 30
200 152
175 188
137 71
119 86
59 172
171 23
143 63
92 151
118 136
160 158
182 50
150 32
144 22
44 69
110 178
57 154
170 54
188 69
87 42
99 126
137 187
175 22
164 47
94 108
154 67
50 194
85 156
111 187
125 178
123 181
109 99
81 191
187 156
109 104
47 73
90 85
148 140
183 36
44 164
196 68
173 48
161 88
182 105
51 126
52 30
75 97
153 140
63 134
184 154
164 181
111 165
137 65
142 66
200 89
67 44
158 39
67 48
109 48
151 58
127 94
75 192
56 126
76 160
143 185
82 114
150 147
89 195
181 145
127 196
173 41
114 94
47 133
43 183
110 60
123 109
61 82
105 99
178 71
74 92
61 48
109 141
182 168
83 37
125 189
58 137
67 145
135 71
174 147
159 53
93 104
55 69
165 34
87 53
76 193
61 75
78 61
190 139
41 66
119 159
113 77
161 46
143 140
51 57
131 125
86 89
183 191
75 82
127 22
86 166
51 60
148 23
70 135
113 162
191 124
98 103
122 200
90 55
109 149
147 109
40 165
134 157
129 140
123 110
175 40
49 87
163 94
82 198
139 181
43 55
42 81
144 47
126 63
134 27
69 30
156 48
121 195
98 158
40 196
95 38
112 120
55 189
167 185
65 26
78 118
150 70
179 50
184 28
120 169
187 200
71 153
134 198
84 95
118 120
186 92
80 180
45 46
136 103
156 41
97 167
98 187
185 125
103 33
147 128
193 162
166 146
190 167
64 83
110 155
150 140
142 46
46 170
55 26
171 187
58 49
49 89
177 186
126 183
182 81
136 181
91 140
52 158
106 78
167 75
139 51
171 85
112 176
82 22
102 174
59 78
152 50
96 168
103 48
61 106
67 134
174 112
154 33
71 60
175 168
134 104
110 126
134 76
51 192
102 92
43 194
102 87
162 98
83 171
75 102
143 142
154 64
59 174
175 32
183 69
52 65
193 172
183 183
187 99
138 126
66 32
99 171
99 191
174 129
103 38
140 130
183 65
126 83
150 199
194 98
62 62
108 167
133 165
134 31
138 79
186 61
189 174
191 157
99 194
192 165
124 64
107 80
163 62
141 36
174 105
125 195
134 67
160 193
112 95
86 67
71 123
79 149
89 136
187 81
67 28
134 23
73 117
161 23
160 94
179 136
140 82
151 45
110 75
45 164
144 41
72 22
71 54
152 177
65 70
68 100
184 144
77 70
81 167
123 32
143 132
84 65
190 189
75 114
99 70
102 155
161 147
152 55
125 112
137 134
99 127
67 81
96 79
86 39
155 53
154 31
190 88
177 151
53 38
172 158
73 22
59 190
92 78
132 171
102 100
123 69
189 161
63 53
156 157
141 166
61 39
165 97
133 188
110 166
76 121
77 58
149 195
73 118
75 102
170 192
158 152
96 43
111 141
109 62
67 192
51 36
61 124
85 139
142 22
75 161
149 148
118 87
200 35
94 47
134 127
94 116
78 60
75 166
192 161
169 177
143 47
122 101
53 35
196 155
114 69
61 112
87 76
98 133
154 147
157 119
110 105
110 33
88 66
135 180
138 92
107 74
114 194
56 184
68 108
96 133
169 127
111 25
193 178
69 179
114 160
158 171
53 106
125 151
172 181
129 169
47 106
57 150
162 68
45 133
184 77
138 163
130 135
98 173
82 136
183 156
193 122
137 195
169 132
62 178
133 146
131 186
99 187
118 166
142 47
115 118
70 29
172 139
189 40
114 116
85 40
148 76
185 73
164 56
165 86
186 179
68 188
137 126
84 154
109 140
77 199
174 85
60 84
96 153
47 29
157 189
109 55
112 155
103 110
71 42
50 179
154 168
156 173
50 114
98 115
133 26
67 31
66 103
113 141
124 159
84 24
114 137
137 178
122 107
54 135
153 138
121 115
99 117
180 26
115 138
56 109
75 76
83 42
166 160
181 158
114 72
80 102
159 23
167 166
152 20
157 107
142 167
105 38
190 29
90 44
94 174
86 111
93 141
163 84
40 159
89 103
150 46
60 59
95 156
121 103
116 89
41 170
69 122
141 135
44 156
103 98
82 166
135 124
142 162
150 180
131 99
128 98
117 44
185 101
183 77
164 91
132 153
107 96
173 28
153 95
109 182
156 101
113 200
83 51
70 157
184 189
156 36
68 93
64 49
121 191
65 193
178 48
43 114
142 187
83 134
68 31
134 46
147 198
121 176
130 35
164 41
135 148
60 138
136 196
46 40
125 132
139 118
55 77
68 131
109 36
117 117
143 158
147 35
196 22
138 21
122 200
194 109
47 134
181 136
43 64
197 66
186 142
141 71
93 89
86 197
158 150
170 89
46 100
190 164
118 27
72 25
63 102
68 84
169 68
137 60
200 155
88 186
125 69
62 129
90 158
49 124
189 168
128 112
153 177
143 83
81 135
87 43
121 117
45 175
120 86
153 36
43 168
176 179
116 125
101 90
110 91
199 188
156 178
134 85
181 48
198 119
168 36
195 85
140 157
156 25
169 136
71 25
141 165
113 173
173 24
199 144
157 194
67 53
92 157
188 141
191 37
64 193
41 193
51 90
134 87
198 23
92 72
150 71
139 131
124 105
58 70
79 200
124 158
150 171
144 187
81 154
117 127
67 73
146 20
126 112
194 88
163 88
133 60
103 68
169 147
168 156
197 144
102 135
181 168
137 113
83 144
98 92
135 137
166 100
160 85
60 43
134 186
188 53
186 86
88 99
116 72
197 100
72 45
106 49
199 88
174 83
153 30
193 113
127 163
163 114
63 157
124 77
162 68
118 109
192 49
189 188
115 41
74 187
194 185
46 199
89 20
85 65
76 22
50 190
111 147
104 159
86 31
156 81
84 92
44 150
180 31
56 27
105 153
188 179
186 196
110 115
44 181
143 50
129 119
141 38
123 131
116 137
161 97
171 120
47 73
163 186
133 85
199 196
142 149
80 123
189 83
66 188
51 153
170 140
124 195
172 118
115 138
103 163
200 163
67 23
170 25
130 167
75 46
152 49
70 21
162 154
197 85
145 117
114 42
93 159
106 131
56 154
191 177
97 166
120 184
67 182
103 189
96 157
105 199
100 95
97 190
42 137
74 76
78 95
173 177
169 30
199 178
130 39
156 199
145 162
136 20
80 179
132 33
122 37
82 56
116 40
173 114
190 188
54 120
137 75
137 150
81 64
97 136
57 22
180 166
69 46
83 157
146 173
152 185
128 181
98 76
186 157
131 196
61 142
72 151
130 133
52 167
86 178
144 179
78 120
192 74
199 105
142 173
157 146
85 107
57 133
128 171
114 159
163 25
99 49
111 83
79 88
167 80
108 74
133 154
69 22
143 28
108 89
139 122
40 36
136 104
50 181
180 153
163 102
174 41
95 165
133 153
122 133
161 84
169 169
157 163
67 111
183 99
145 117
176 188
117 77
83 102
120 120
93 135
170 147
179 159
75 44
159 50
45 129
63 53
97 25
117 53
73 45
149 162
61 112
180 53
147 152
158 165
53 35
153 59
142 168
162 140
115 129
143 39
93 140
162 111
190 125
58 51
78 171
167 175
59 178
53 148
96 198
55 128
175 98
110 58
62 114
139 71
125 20
108 28
124 174
83 159
145 190
183 110
97 114
106 40
62 129
136 63
131 178
73 109
147 29
128 115
54 155
46 156
121 142
138 88
172 127
90 161
176 41
95 195
152 116
143 194
96 20
118 166
60 180
82 98
105 145
59 140
78 152
95 157
98 104
109 47
63 66
139 145
62 189
186 101
188 133
43 102
49 173
60 126
84 116
167 44
113 38
200 168
102 180
129 49
131 100
179 152
166 151
142 66
138 75
161 139
190 198
185 124
189 118
119 46
128 165
61 58
82 75
124 146
162 109
172 148
120 29
73 71
171 158
181 93
134 53
139 169
99 87
124 70
197 76
47 163
164 49
120 84
162 70
100 178
177 142
169 181
189 58
103 173
87 189
133 129
121 196
133 86
65 177
173 77
152 125
186 144
64 21
54 133
137 55
131 132
154 140
132 112
200 61
98 46
126 50
91 48
168 123
188 53
78 71
145 29
186 168
160 187
41 66
82 173
65 113
95 88
162 179
184 126
190 131
69 144
42 88
105 20
102 26
177 58
185 58
135 113
136 159
192 55
102 113
96 110
139 122
198 26
187 62
79 191
179 65
80 198
105 130
92 153
77 65
198 98
132 56
108 28
97 121
165 21
72 49
112 41
147 31
159 94
57 188
41 169
97 191
52 148
119 107
191 195
75 92
76 99
108 103
84 166
123 173
60 119
43 41
136 174
117 20
119 103
53 148
89 108
115 190
99 109
88 142
152 21
107 172
143 181
199 177
152 72
164 118
131 48
103 176
122 119
115 134
175 71
192 161
172 121
88 149
175 194
171 148
170 133
96 173
126 108
189 170
193 131
52 70
190 148
98 35
200 77
142 189
119 125
155 110
119 74
71 200
190 129
43 95
186 111
186 112
85 164
184 39
95 124
74 52
71 147
151 189
130 151
70 114
148 164
137 95
197 101
58 119
63 46
76 64
73 128
135 71
179 193
88 154
161 103
64 194
93 78
131 109
109 140
106 70
103 114
54 97
100 50
70 160
185 110
45 168
91 28
135 87
120 117
42 172
91 126
68 148
174 177
102 193
173 24
193 107
175 46
57 187
104 197
158 123
162 134
138 186
200 157
123 164
77 22
184 198
57 128
63 123
139 185
121 50
119 66
101 35
115 64
189 117
151 111
191 45
126 24
135 194
117 133
173 21
191 67
158 31
172 143
184 34
125 121
47 23
138 110
188 21
48 31
102 89
153 139
52 197
172 124
45 92
181 132
129 108
80 197
59 63
187 24
54 144
63 117
190 65
181 145
67 172
188 181
151 164
144 113
199 70
175 59
162 191
94 60
152 31
166 23
128 31
174 60
124 193
139 154
46 100
60 122
59 122
110 135
134 43
80 103
102 80
184 162
69 143
66 106
181 119
172 200
152 54
166 112
40 186
82 30
183 64
44 46
104 32
45 168
78 46
163 61
150 87
60 103
162 80
130 28
91 69
109 138
53 45
156 176
193 194
114 60
118 45
71 58
80 170
172 94
50 172
137 84
48 29
91 50
96 197
72 97
185 200
169 118
125 99
86 135
141 77
81 147
184 62
171 69
177 107
115 52
125 77
160 187
111 66
189 126
40 22
168 97
155 190
57 86
54 139
196 68
193 94
84 154
49 118
113 200
46 177
103 22
58 96
129 126
87 93
188 150
150 122
129 128
91 116
94 157
52 119
143 144
135 124
71 163
64 196
132 105
169 176
82 21
86 51
55 132
119 121
199 190
40 195
193 77
118 133
113 142
158 129
155 149
182 81
72 156
133 176
131 145
135 174
178 21
150 184
80 174
113 49
49 30
63 166
126 26
174 42
66 45
166 33
78 187
174 179
96 80
144 180
54 36
162 41
58 169
99 33
185 123
79 160
171 109
154 112
168 48
110 26
133 116
127 178
108 123
76 21
105 57
196 53
137 87
46 130
182 67
168 75
100 125
197 94
86 163
75 54
77 167
107 49
140 52
45 121
62 29
156 64
97 34
173 90
139 198
126 40
63 50
126 107
137 40
149 135
44 76
111 168
141 138
121 195
166 126
79 132
131 76
185 168
74 79
114 173
174 158
72 38
121 74
125 157
192 69
130 96
103 150
42 111
107 149
109 158
67 197
151 142
192 149
160 107
135 65
110 165
138 103
130 166
96 129
54 183
188 51
181 100
58 130
147 33
65 81
126 89
180 165
200 95
54 116
164 33
172 55
115 82
102 149
84 45
128 53
168 116
93 165
95 46
124 58
182 106
113 125
44 127
140 20
123 151
134 43
69 123
68 89
113 35
154 58
148 76
108 125
129 151
49 170
145 29
76 95
75 31
193 123
100 59
75 120
129 48
84 152
114 125
199 177
104 111
145 32
92 200
194 26
179 174
200 145
89 126
151 51
173 122
153 111
190 72
192 88
153 40
77 68
138 147
94 131
197 78
198 36
86 140
187 146
142 190
47 51
154 194
186 90
71 178
46 38
183 163
136 74
145 38
141 143
138 60
63 198
145 94
91 174
69 89
105 89
119 114
91 194
98 142
164 35
88 42
96 101
199 140
116 49
175 159
156 149
189 54
73 176
76 129
114 56
145 79
96 117
184 65
192 187
84 96
73 78
150 53
71 70
141 183
137 93
59 155
69 34
160 181
51 52
139 92
71 35
103 24
103 123
82 190
59 107
145 84
121 143
183 101
63 48
170 55
173 57
74 60
160 52
166 40
118 43
105 134
172 27
52 111
87 42
73 162
131 53
