57 155
122 155
181 31
177 120
149 58
148 190
157 184
175 92
86 115
77 200
63 135
155 155
43 48
150 198
121 71
198 81
135 22
157 191
88 25
153 182
44 50
125 84
82 85
128 42
199 118
121 151
194 195
135 35
49 197
107 138
102 179
64 85
95 34
124 159
159 147
165 71
110 75
128 159
84 81
176 145
166 73
104 167
192 119
81 157
98 119
119 156
61 121
75 94
175 63
56 71
74 33
45 76
117 189
188 35
42 59
128 55
195 78
177 167
77 82
157 58
55 119
119 75
43 109
194 152
106 102
134 147
114 171
131 137
80 130
140 58
80 177
136 110
157 166
136 188
125 156
187 157
122 36
125 53
121 175
71 153
158 128
83 183
155 64
55 90
44 189
117 155
199 120
196 28
87 114
49 134
56 81
192 38
200 59
75 150
47 163
144 118
72 152
170 191
129 61
76 88
114 70
81 86
84 28
87 71
42 196
65 95
44 47
109 144
198 39
158 107
177 90
49 75
140 114
162 109
73 175
191 90
45 58
157 98
144 145
130 41
49 50
77 194
145 96
45 106
111 96
177 185
45 115
55 174
187 200
165 196
156 150
45 67
75 139
67 39
65 89
46 69
162 140
175 79
153 76
131 90
53 113
95 99
122 174
66 121
65 53
156 195
197 23
93 83
198 188
176 157
93 76
195 39
157 51
41 90
147 62
195 159
100 157
104 186
133 148
184 67
70 174
104 63
64 176
191 200
45 146
50 111
158 52
164 54
79 137
141 199
99 142
178 97
85 48
47 75
65 99
120 62
102 56
117 47
129 139
61 57
187 145
71 166
91 200
179 145
180 40
101 38
101 135
144 108
137 118
163 147
130 58
184 126
165 158
109 155
131 46
116 197
166 139
42 61
128 112
194 68
65 194
155 116
173 121
64 119
57 96
170 81
110 181
128 142
61 87
51 20
88 55
127 73
49 162
94 22
40 144
146 44
171 81
143 77
180 136
55 169
96 80
46 189
103 22
169 95
44 193
195 153
91 120
116 20
114 52
114 117
91 117
140 138
135 153
48 180
179 55
195 73
160 163
112 199
58 131
179 20
164 100
151 107
98 116
146 174
82 67
164 41
141 41
194 137
96 39
152 195
159 163
111 111
73 130
94 119
164 62
133 160
92 136
135 177
190 152
108 170
108 141
176 72
152 140
99 135
113 120
185 39
93 100
49 110
139 57
112 128
159 65
150 103
138 130
143 80
86 190
102 50
165 155
104 111
143 93
178 98
169 160
192 92
125 86
55 65
158 57
58 179
169 109
127 187
196 29
83 136
56 183
86 65
156 119
128 192
163 44
160 58
85 37
199 139
184 148
98 55
175 189
98 170
133 27
153 125
168 71
107 70
48 47
188 187
57 126
112 134
177 137
185 164
98 126
118 28
128 95
178 162
77 68
111 130
177 33
174 22
60 142
165 35
188 40
122 21
195 26
135 57
179 98
139 73
176 193
102 132
123 178
57 60
124 192
92 90
66 198
56 69
48 67
162 21
73 198
88 178
77 142
43 52
166 53
115 150
121 154
87 68
127 86
154 99
186 38
147 151
70 150
93 126
163 185
139 182
111 59
75 66
97 148
62 45
189 104
104 40
78 35
79 70
104 53
79 102
40 66
135 177
42 125
149 27
153 149
55 24
83 102
119 127
125 60
114 186
191 139
188 74
73 28
173 189
139 114
53 171
126 144
194 57
142 49
69 23
138 52
104 98
97 119
172 189
70 21
79 103
125 64
111 125
158 74
71 140
106 81
52 45
197 81
102 199
66 97
78 22
117 95
175 23
145 27
103 98
42 177
111 117
119 176
180 48
56 170
151 87
149 167
46 62
112 35
49 188
112 195
86 114
129 170
185 94
139 161
91 178
140 94
88 69
62 139
149 62
160 91
53 94
100 115
100 119
182 56
174 167
176 139
111 117
130 180
163 39
170 151
71 98
109 62
122 77
156 130
148 48
124 91
200 32
199 49
185 57
134 171
154 62
178 122
173 36
145 155
102 80
200 24
120 123
176 67
143 181
91 90
148 191
189 121
78 39
45 61
44 194
53 197
56 50
104 56
133 133
175 97
87 192
62 137
152 129
155 99
122 137
54 90
82 75
86 191
75 148
187 20
73 94
197 178
81 53
200 115
141 61
107 94
149 81
129 63
44 137
78 68
50 123
65 50
106 178
155 180
171 186
190 198
74 157
85 104
149 126
146 113
157 109
77 113
138 192
47 187
140 169
113 168
135 197
157 194
63 129
156 163
104 164
166 44
121 195
169 151
142 90
130 122
148 81
197 181
83 51
79 104
135 166
50 181
109 193
154 192
190 46
196 197
71 65
42 149
53 147
96 84
124 105
122 74
72 32
84 98
59 137
50 60
198 156
113 38
140 87
48 186
85 149
166 179
143 103
118 66
150 84
177 78
90 28
113 26
97 46
158 125
74 75
108 81
54 140
84 196
44 99
143 199
82 99
181 77
116 66
59 84
187 141
101 56
180 99
71 92
44 95
154 105
115 72
128 179
52 116
95 40
51 167
77 122
68 63
154 44
194 137
94 130
176 135
173 85
80 112
95 86
55 79
94 191
153 63
86 92
43 118
177 147
46 85
80 114
117 51
96 118
48 171
123 108
120 141
136 117
131 129
49 63
195 199
175 184
156 180
149 153
170 46
70 153
90 153
97 68
45 104
147 187
82 21
75 43
82 200
118 195
84 151
118 148
137 179
169 85
156 40
79 194
198 90
40 54
159 127
61 118
151 80
197 168
63 131
107 79
100 39
84 74
61 83
133 112
141 197
143 154
187 90
147 23
131 40
128 144
186 114
45 174
195 200
78 165
75 118
131 32
45 185
105 169
125 129
159 48
109 99
93 108
73 117
52 116
89 171
147 178
163 77
126 190
66 42
114 175
138 59
127 86
47 113
159 169
58 101
126 125
156 133
160 79
156 161
77 156
116 161
95 111
149 177
191 115
76 137
174 78
187 149
100 23
48 47
93 100
140 168
67 167
48 27
142 128
119 181
110 102
78 22
113 86
59 108
58 172
197 195
102 69
178 121
161 117
171 144
147 155
166 192
179 132
189 182
145 159
93 72
100 174
195 164
40 126
61 188
59 65
79 193
93 58
78 139
128 153
98 93
129 171
197 62
60 179
135 105
41 58
108 41
143 49
174 76
143 97
196 82
70 144
157 46
46 96
79 39
90 184
80 114
156 199
193 126
74 123
47 43
170 98
196 23
153 28
73 129
83 100
40 191
159 131
157 92
59 80
147 131
138 123
58 118
197 57
164 68
43 78
91 34
62 159
114 61
50 182
186 175
152 153
145 121
68 51
50 145
137 156
40 156
153 52
160 160
134 126
65 191
197 74
99 63
85 27
75 185
46 79
45 139
187 175
193 48
198 50
199 31
131 98
125 122
82 46
73 120
72 164
197 181
120 51
194 138
40 63
103 60
175 123
163 106
94 90
175 59
67 71
105 88
186 197
141 40
112 160
77 40
118 147
53 135
45 116
184 124
132 95
147 69
135 73
195 66
157 147
78 71
166 195
71 186
40 139
62 99
45 42
111 92
48 121
84 39
182 182
41 156
94 105
116 177
41 39
142 73
100 39
93 103
136 77
195 169
166 141
50 46
97 141
181 148
55 189
119 77
112 36
83 189
68 141
46 65
132 39
140 31
101 77
42 184
197 158
45 181
169 184
191 77
160 146
76 57
168 125
120 189
44 162
161 125
190 151
47 48
172 180
195 167
160 127
117 198
172 175
154 48
103 127
195 57
162 142
97 89
194 193
157 199
148 163
161 152
189 134
166 95
178 142
104 44
111 123
175 165
131 190
100 23
176 147
82 127
189 87
99 91
167 199
85 36
152 170
165 139
55 48
137 20
155 119
152 39
88 60
125 136
120 58
186 45
186 116
147 88
119 22
110 34
181 102
122 73
54 64
120 20
127 42
128 85
172 176
196 54
40 148
152 148
98 143
78 46
46 156
110 60
170 104
69 151
173 129
148 67
111 47
115 66
143 77
193 123
59 194
157 35
133 143
62 45
125 68
96 118
86 190
200 87
152 197
168 34
129 31
88 79
100 175
105 193
180 28
151 150
63 47
88 167
104 197
164 72
86 144
107 152
102 191
135 180
107 106
185 77
84 112
178 123
102 184
77 46
136 122
119 190
172 141
58 58
63 144
177 121
157 106
92 52
137 37
107 72
157 63
153 199
67 63
113 147
50 80
134 129
178 145
194 191
40 83
64 198
199 129
51 132
45 155
132 44
152 143
143 117
185 200
58 89
174 66
191 44
169 86
91 122
177 145
136 171
148 30
200 53
169 93
170 135
105 112
67 52
181 23
154 41
102 37
196 186
97 26
92 24
165 45
102 142
193 69
191 116
192 176
133 182
147 67
48 100
163 172
139 184
119 23
50 197
45 127
113 60
73 136
136 160
118 20
178 88
154 85
41 57
47 169
196 134
73 50
169 112
75 122
120 112
150 22
64 166
102 36
165 138
110 24
93 170
112 76
135 22
179 84
117 88
98 77
153 182
58 39
189 107
193 26
197 56
129 187
157 176
64 45
200 50
76 88
88 22
163 172
56 125
54 195
131 31
131 123
188 103
42 73
61 182
53 105
83 185
149 107
83 85
159 74
137 84
93 55
44 182
84 27
181 26
42 106
191 150
179 63
142 144
49 172
149 26
133 194
169 189
174 157
135 86
175 91
43 146
66 141
198 107
72 175
172 95
189 20
60 54
58 161
160 81
149 78
47 97
64 64
93 137
156 87
121 181
46 102
79 48
62 47
122 51
87 80
47 77
188 145
187 101
76 150
132 172
62 40
95 190
128 130
58 179
196 178
91 82
111 159
125 154
43 68
88 125
186 118
173 98
197 98
105 128
152 65
84 143
94 61
193 195
185 98
116 138
117 65
196 78
177 24
135 71
59 119
157 114
114 106
126 172
182 124
49 46
81 122
48 36
127 124
153 55
187 118
171 181
178 116
80 124
156 126
111 145
127 160
78 176
90 92
106 148
115 192
156 87
142 65
115 144
50 43
189 139
97 91
148 171
184 88
120 197
89 124
120 176
198 178
188 34
140 63
112 176
141 51
125 80
174 65
147 60
139 84
132 32
109 176
95 95
107 114
151 37
175 30
119 156
136 152
167 55
188 188
177 194
152 176
82 83
176 117
175 52
165 153
189 154
64 145
40 176
186 181
67 123
48 167
128 80
51 187
154 120
110 71
66 159
65 148
85 62
114 133
72 33
69 167
64 82
200 179
175 148
167 20
64 191
118 32
147 121
110 56
79 195
164 80
124 113
192 182
152 126
55 157
88 112
172 150
51 53
118 152
133 123
158 177
189 140
118 32
77 163
195 81
70 80
163 34
172 112
54 38
115 22
180 111
85 139
181 122
143 170
81 60
53 168
195 193
139 38
125 111
106 122
44 96
199 65
197 29
65 51
152 139
40 69
188 149
108 197
171 152
183 120
126 78
164 154
57 106
180 48
159 195
90 33
87 108
154 151
116 83
158 200
137 62
58 134
134 98
53 56
45 20
137 171
181 195
141 102
80 148
138 120
117 61
161 69
167 66
55 27
46 88
91 82
164 111
138 21
152 177
167 39
118 152
96 77
168 93
58 189
65 170
108 178
104 78
119 153
74 124
188 89
179 76
172 139
50 130
88 151
154 37
70 123
109 143
53 25
94 103
192 162
153 126
87 84
79 180
170 99
155 108
112 177
127 196
111 111
96 183
79 165
41 82
91 101
98 20
185 161
76 50
168 149
119 116
148 143
99 38
74 112
62 136
86 49
142 123
171 180
157 38
139 88
171 44
55 125
159 102
42 180
159 95
77 140
100 194
71 79
164 196
152 102
118 28
71 121
46 143
191 20
124 54
158 50
189 121
154 76
42 111
52 103
197 78
164 60
186 23
70 96
87 64
118 24
70 76
200 183
164 31
76 181
148 170
151 176
43 98
42 87
42 143
106 110
51 124
145 106
53 155
120 105
179 99
42 154
127 117
62 111
83 49
154 187
144 82
48 159
60 136
161 120
124 95
50 65
190 53
164 149
59 27
44 90
178 78
181 79
104 49
67 150
133 68
152 124
137 20
188 34
99 165
96 54
101 34
138 73
118 67
96 47
75 25
188 192
114 137
129 114
47 155
50 46
60 78
101 60
180 172
140 163
101 54
148 107
169 43
179 23
75 177
142 183
140 154
117 144
66 135
148 133
186 54
127 187
169 184
61 72
175 99
91 69
111 148
167 160
57 116
145 28
101 184
139 182
177 71
178 144
182 190
47 138
167 106
63 79
42 93
89 158
90 98
45 58
141 181
47 167
106 198
126 197
44 27
89 54
146 131
123 140
70 159
111 157
189 122
113 149
187 136
194 105
187 147
166 140
131 111
186 58
74 50
152 32
181 66
192 40
115 150
102 31
155 23
104 196
69 27
94 66
184 128
100 171
115 111
141 92
69 26
168 186
113 57
170 142
146 186
161 54
122 77
133 116
142 141
40 142
116 141
122 65
150 178
112 54
176 187
177 102
179 29
114 118
199 189
52 164
129 195
59 37
185 115
86 116
142 96
168 85
140 135
61 72
83 54
73 46
52 96
54 94
108 153
42 42
57 90
195 191
200 186
182 103
119 133
84 170
164 173
54 26
49 185
136 182
75 68
155 101
138 35
156 105
146 194
111 37
134 83
97 171
126 38
199 155
81 106
136 165
76 128
140 185
195 168
179 115
43 104
86 92
95 194
51 173
200 46
70 191
164 78
125 35
76 58
76 188
132 195
185 140
154 37
180 135
127 28
93 188
137 59
83 162
48 159
84 77
87 196
139 101
138 39
165 39
149 129
140 97
93 186
127 52
72 25
69 42
107 200
64 188
200 50
196 163
170 88
134 145
101 103
181 181
89 67
161 39
82 192
152 82
84 43
198 199
173 23
98 123
51 25
84 181
91 200
189 174
186 75
77 131
140 59
154 22
124 39
49 65
173 118
188 161
104 92
108 28
124 88
121 58
97 65
94 184
42 81
42 128
183 53
94 85
73 200
97 107
83 133
76 128
174 80
71 115
180 86
181 71
96 77
48 113
110 69
148 105
107 117
73 196
148 162
113 29
114 55
169 68
63 87
169 29
81 64
92 141
80 164
194 44
157 71
121 179
69 30
64 183
123 195
123 129
131 45
134 74
125 181
76 132
41 181
185 109
79 138
76 187
135 93
150 40
112 131
153 180
61 110
48 51
131 187
44 24
171 49
142 48
91 171
169 144
168 46
50 147
90 38
93 25
196 179
42 65
40 193
200 32
107 42
146 130
181 101
54 25
87 28
73 61
43 187
198 171
111 54
92 76
151 115
49 67
63 98
131 112
108 114
167 79
194 163
63 89
110 80
188 123
48 131
115 87
129 186
89 84
45 27
127 155
160 51
148 198
126 37
136 118
125 91
125 79
54 200
130 26
181 29
109 93
188 175
42 199
193 148
189 199
126 59
70 31
184 150
174 132
149 75
143 31
183 156
139 70
117 122
132 136
163 125
74 41
107 61
110 199
45 144
185 25
196 168
114 64
129 162
144 126
131 189
120 47
103 62
65 77
64 189
147 134
180 160
142 167
72 74
65 127
40 70
180 100
43 127
198 190
101 48
159 99
44 55
44 105
122 42
47 87
171 193
56 89
69 98
83 50
167 108
62 155
109 71
168 184
82 115
116 84
55 152
99 30
170 192
102 99
61 152
116 175
166 81
145 34
191 195
127 118
172 178
43 93
165 143
168 69
100 69
174 183
153 124
146 183
123 20
45 43
64 48
173 159
156 123
66 90
200 184
50 127
106 96
59 32
90 98
148 129
170 52
192 125
198 80
135 27
93 156
128 158
200 172
133 44
125 26
152 182
85 142
99 185
83 146
104 173
128 115
178 190
71 130
52 175
52 102
196 64
107 199
179 142
167 81
101 105
155 36
103 127
84 124
112 68
157 186
47 106
101 149
96 86
117 149
47 40
65 75
43 128
42 38
165 199
97 182
136 84
40 37
69 44
197 178
138 70
89 49
52 38
125 139
120 101
92 194
92 153
100 175
159 111
180 22
80 83
116 136
144 187
115 188
107 152
68 129
200 68
91 63
75 21
172 126
180 71
178 27
95 92
89 199
120 104
170 31
68 57
105 99
73 112
100 37
147 146
111 110
154 101
136 75
66 46
69 102
181 199
108 66
81 103
66 183
47 165
134 133
176 43
50 168
74 154
177 147
142 24
78 200
80 126
119 63
113 29
45 155
69 137
42 63
116 165
168 77
127 107
72 159
102 142
52 109
180 179
125 34
163 187
70 163
115 23
88 165
196 91
162 112
72 48
96 29
86 56
154 161
138 152
111 62
57 193
144 174
191 29
152 88
101 134
82 198
56 42
164 76
102 145
131 24
185 86
43 70
68 67
158 92
138 150
47 54
92 68
107 77
54 152
115 149
63 79
134 103
47 148
166 121
92 92
55 167
132 154
116 110
125 182
195 82
195 74
188 34
134 109
65 42
57 99
192 185
195 188
109 122
103 96
146 170
115 54
143 27
50 190
170 88
99 135
170 143
183 91
179 109
71 74
165 141
164 119
112 116
167 184
155 133
131 72
77 107
79 77
57 51
98 115
153 100
84 69
45 177
151 134
93 62
171 50
47 192
94 28
56 190
128 135
97 68
65 59
68 91
49 95
116 68
92 81
194 184
139 119
154 126
63 51
165 193
187 182
162 163
65 185
70 84
52 114
183 137
71 145
159 35
148 116
95 103
164 55
63 117
87 188
185 159
189 105
129 105
177 122
87 167
121 155
74 126
42 102
57 72
142 44
165 39
88 47
80 151
136 48
72 29
85 168
148 78
78 75
97 123
71 136
173 40
80 41
170 44
98 69
42 32
101 85
83 196
160 123
189 80
144 55
58 176
78 169
60 123
167 148
155 132
193 104
97 154
51 162
90 42
85 168
102 159
161 77
199 196
179 173
106 195
186 87
186 187
149 152
53 141
104 185
133 178
58 165
184 172
97 127
61 80
85 69
164 25
184 29
125 54
175 189
102 129
178 32
84 191
176 176
72 195
167 51
57 155
161 192
104 191
97 128
106 36
46 157
175 162
94 185
164 192
64 57
42 133
81 23
192 107
138 146
123 64
167 141
178 57
157 59
75 133
146 49
192 170
157 165
113 73
40 53
121 178
196 74
48 65
152 170
131 199
149 144
75 70
101 154
155 84
179 181
69 142
79 193
156 98
54 127
108 159
159 186
94 118
118 76
196 53
91 130
171 35
145 103
183 72
55 109
187 123
58 186
143 117
181 114
94 134
87 117
60 58
78 66
128 20
163 149
157 159
59 122
195 190
98 196
115 122
152 159
100 159
152 167
109 130
52 200
102 64
163 152
143 177
176 132
68 129
172 82
156 22
190 164
164 110
59 186
97 125
178 111
67 169
171 193
114 88
176 128
184 108
60 61
173 195
51 102
112 181
46 79
146 35
198 103
98 161
139 93
146 196
104 139
70 73
94 24
77 101
108 95
104 183
168 172
186 60
112 151
86 53
180 149
111 108
143 134
198 163
61 114
101 81
159 31
174 162
152 187
97 129
109 97
79 143
118 29
121 196
101 152
164 53
69 88
103 199
112 80
114 21
127 156
140 154
179 165
43 75
121 93
132 116
163 106
130 113
112 143
183 45
74 72
151 170
130 50
110 36
141 63
179 168
167 146
102 180
181 99
110 199
160 197
173 70
102 170
167 104
105 57
79 175
109 163
92 185
93 157
147 47
162 43
61 123
129 149
52 116
154 49
165 143
105 28
67 199
81 25
44 140
130 176
120 169
175 63
124 162
54 64
192 169
178 175
83 55
137 155
177 66
186 142
99 167
75 125
56 172
175 168
177 167
112 178
132 171
88 67
45 55
96 150
171 119
180 79
196 175
189 108
90 50
84 65
144 162
130 97
123 173
75 36
70 154
169 116
70 162
119 101
52 37
194 88
170 199
58 43
170 28
178 193
149 179
53 56
142 104
139 173
126 77
151 128
181 154
100 175
73 152
124 90
153 147
132 85
78 186
160 35
57 129
104 68
41 91
41 109
141 124
42 86
99 88
181 199
77 172
120 25
41 182
112 53
63 20
115 97
110 21
154 166
40 53
62 139
60 103
54 83
158 132
170 88
65 113
129 187
176 109
191 112
157 92
51 56
126 116
54 39
41 30
135 61
67 84
183 51
82 133
150 183
76 48
65 26
119 176
149 192
165 135
57 44
179 102
121 31
42 156
197 185
44 26
56 84
91 112
161 55
142 78
107 93
40 69
91 135
153 174
76 151
75 126
106 45
186 46
146 33
178 47
100 125
112 107
53 154
69 173
107 48
186 79
90 163
130 151
162 85
197 148
71 60
155 132
47 130
174 176
187 115
175 112
153 91
70 67
114 76
153 50
149 158
40 57
61 76
167 108
147 79
143 55
170 109
199 56
65 35
72 144
148 174
105 22
59 185
40 31
169 200
132 136
149 87
51 167
76 108
149 171
97 33
135 141
131 173
105 30
46 89
121 62
142 180
150 98
181 162
178 59
84 169
150 65
121 185
76 56
197 42
91 51
69 190
156 181
167 184
180 96
101 126
160 199
153 153
65 99
53 34
57 57
182 189
89 193
195 47
143 129
101 64
176 57
166 163
52 195
152 28
55 150
132 20
162 158
110 142
143 62
116 123
164 98
140 117
158 181
123 195
89 31
119 186
181 29
82 50
167 57
69 50
88 69
68 180
85 20
44 72
83 185
135 77
109 116
145 93
144 123
190 141
61 79
157 147
58 178
53 172
187 147
178 117
73 149
101 37
142 124
98 95
186 189
41 62
45 75
124 72
106 151
198 115
136 175
117 113
45 173
159 174
151 31
193 159
65 61
136 146
151 69
93 200
160 34
77 192
54 36
72 105
82 164
54 196
54 54
56 118
82 107
46 86
131 178
170 77
114 163
89 78
112 35
102 132
171 61
140 198
69 88
94 29
60 197
160 80
51 126
94 91
84 129
79 74
152 199
53 124
107 189
193 76
77 166
79 59
145 119
184 55
103 30
44 65
182 107
175 166
75 90
159 102
56 165
56 40
106 182
78 149
71 192
74 62
56 110
174 60
57 20
70 194
182 85
48 173
137 47
195 30
50 88
73 182
176 107
193 134
77 75
115 189
74 93
74 36
130 94
120 40
104 157
71 181
146 132
43 154
76 31
101 134
166 167
179 34
196 114
185 187
174 178
98 61
146 162
42 172
173 152
84 26
70 77
46 181
186 32
61 80
50 123
59 164
48 165
56 188
53 141
91 70
87 54
200 83
149 196
139 154
195 139
114 114
48 120
61 78
63 56
84 36
157 95
113 129
141 154
85 162
167 47
62 123
140 28
192 40
163 140
139 48
65 64
87 154
77 165
83 124
146 98
200 165
61 164
191 35
125 38
98 116
123 27
156 123
116 148
91 71
76 193
182 99
194 133
118 153
51 131
185 69
175 115
162 76
159 34
148 55
57 167
124 149
96 184
105 55
52 99
151 128
92 60
59 23
77 105
133 176
114 98
151 78
169 121
91 76
81 81
67 121
131 118
179 40
74 90
93 190
108 197
94 157
178 141
156 56
121 73
178 94
190 55
149 200
45 30
198 136
144 186
178 118
97 165
185 117
142 158
138 85
186 148
172 34
135 29
65 66
136 62
139 154
153 122
84 136
107 69
123 105
197 79
171 33
170 29
192 142
58 152
137 67
196 27
173 69
121 79
177 44
59 42
129 88
82 135
81 162
159 38
172 35
163 176
117 124
110 54
129 132
141 121
197 110
182 74
148 47
155 108
82 29
129 140
156 120
118 72
143 128
140 126
79 74
122 26
184 101
160 66
119 163
191 24
156 144
82 194
78 157
47 187
164 200
92 195
62 78
71 167
75 176
166 174
192 143
73 34
126 92
136 123
142 161
53 65
161 92
119 66
114 153
150 156
97 118
147 45
106 148
197 78
121 47
156 75
64 46
54 168
139 71
114 53
67 112
83 193
153 92
88 182
95 57
95 143
165 96
48 124
166 69
138 28
71 130
161 182
80 20
93 113
64 91
162 128
178 26
57 196
199 153
77 115
166 130
98 48
108 69
46 87
47 53
68 153
125 122
145 130
48 101
69 139
181 179
52 55
147 173
67 84
153 135
98 93
43 54
67 75
185 176
107 45
65 101
190 143
184 49
183 144
104 25
94 154
48 148
147 99
197 184
57 113
70 147
130 118
98 197
55 92
116 94
129 132
134 182
163 198
153 50
163 135
84 106
198 78
100 104
44 61
140 27
139 153
56 59
66 104
162 91
197 30
125 165
195 88
74 119
120 111
152 115
141 194
61 192
62 116
157 30
117 159
112 195
42 144
58 187
144 114
183 81
51 79
96 191
52 71
157 137
92 58
79 23
181 187
95 111
72 143
154 63
99 173
54 88
164 138
200 162
114 127
193 100
55 166
191 126
48 48
72 151
57 192
150 101
51 21
145 37
73 26
175 178
53 127
104 170
191 127
67 147
55 143
157 85
138 140
181 91
153 105
184 103
122 41
113 173
115 155
47 95
133 87
76 45
73 177
178 108
189 200
89 25
179 102
155 146
85 65
44 24
115 161
141 84
157 179
187 54
110 110
103 162
182 108
86 81
69 128
84 20
100 63
63 26
143 21
187 179
96 40
71 142
131 50
63 163
168 185
51 20
78 108
142 162
137 186
162 133
187 89
162 72
54 181
62 92
112 137
136 43
80 65
82 40
146 72
149 88
41 54
130 62
96 96
176 187
109 197
135 142
137 103
75 159
192 121
58 86
81 178
172 40
129 110
191 52
68 86
133 30
70 59
146 71
165 175
115 197
62 154
162 150
151 71
51 39
97 93
105 64
70 143
193 115
121 61
107 110
69 174
187 84
111 57
105 56
148 41
111 178
93 178
113 54
81 188
112 89
183 35
58 33
96 192
153 30
121 136
115 80
101 164
197 174
103 37
100 145
130 196
70 68
157 164
197 57
45 95
90 72
174 107
69 56
48 145
91 177
155 123
82 179
57 60
185 108
166 149
80 159
156 63
180 33
194 153
153 120
59 42
41 132
141 118
90 96
198 156
143 36
199 80
49 200
151 127
133 119
106 110
41 61
81 181
160 153
185 91
192 96
125 103
84 22
176 134
150 138
65 109
92 165
195 131
195 186
125 157
146 41
170 88
150 48
45 148
159 30
117 38
166 169
64 112
121 138
67 24
42 80
119 61
142 187
197 64
150 35
77 113
153 48
96 122
54 55
68 73
117 54
198 137
122 113
174 22
66 132
86 181
42 142
125 94
113 48
193 186
186 138
161 85
42 96
62 179
73 200
63 74
74 31
148 54
120 196
141 159
200 167
200 169
186 31
86 135
71 37
94 188
64 76
115 96
135 63
154 142
91 172
62 126
110 120
195 138
72 97
179 70
167 116
52 198
84 125
134 161
121 179
98 28
63 34
200 63
76 165
99 171
145 194
151 31
170 63
198 111
113 45
131 177
104 100
125 38
95 51
125 23
174 20
192 38
76 122
129 182
43 150
182 106
160 50
121 107
61 151
165 129
166 29
128 53
116 28
107 134
140 56
135 94
161 139
157 142
198 59
139 27
177 121
63 169
91 195
57 38
77 31
46 31
93 176
46 81
117 180
190 69
179 101
186 138
180 33
174 127
130 110
73 146
162 125
169 25
168 38
137 112
65 155
190 24
120 49
153 169
40 194
131 115
142 65
50 82
148 191
136 31
79 159
149 163
49 194
191 190
66 122
44 181
88 51
182 90
161 95
80 39
196 121
130 145
128 108
152 129
84 163
150 79
99 71
109 119
127 169
159 93
180 36
84 114
148 49
50 197
64 164
42 123
152 51
79 61
136 95
125 111
119 33
164 180
171 51
45 70
145 132
40 89
163 157
200 56
140 196
65 67
190 70
170 150
62 185
47 114
156 26
101 80
182 145
185 114
128 77
53 53
79 138
186 122
82 129
170 22
193 50
137 164
110 52
154 21
129 65
145 124
170 60
152 67
43 68
155 87
180 171
60 146
93 140
152 129
132 107
87 70
114 113
129 58
122 102
180 159
64 62
53 176
138 52
145 185
109 125
154 169
177 124
167 38
175 175
73 48
70 134
84 199
122 199
120 97
167 90
92 134
191 26
170 176
132 181
156 119
100 141
84 185
123 82
93 147
182 100
145 196
45 130
198 109
63 127
125 61
191 78
157 128
73 34
175 179
154 101
148 177
200 74
150 86
85 174
69 57
71 83
44 153
51 114
185 44
48 65
60 176
89 90
78 140
109 119
116 58
122 174
101 44
119 121
54 92
151 66
78 161
70 56
123 119
70 73
140 159
155 158
109 86
194 145
149 120
88 131
117 116
176 153
180 140
104 67
149 125
121 119
43 190
98 121
43 159
162 54
95 119
48 25
94 95
184 189
152 84
149 177
100 109
50 74
182 137
128 137
58 48
140 112
156 185
108 198
117 122
70 125
162 147
158 96
192 142
140 92
85 112
41 145
195 42
120 23
91 150
124 173
110 167
118 27
139 103
100 34
87 62
84 27
198 61
139 40
64 99
52 43
116 112
136 26
162 53
122 151
68 114
60 43
69 43
88 115
139 96
91 66
152 80
119 95
150 155
64 191
150 131
59 112
55 193
84 34
74 157
85 143
67 42
109 99
73 95
149 200
43 170
137 118
170 79
162 46
91 49
104 83
83 193
159 28
73 185
77 187
169 165
179 56
162 182
107 71
57 154
154 104
85 114
129 165
149 163
96 161
157 121
84 113
125 171
180 30
67 26
68 41
107 125
72 142
173 175
189 180
88 25
194 140
198 174
97 35
41 187
43 176
112 136
120 139
111 48
50 62
103 124
64 35
147 162
186 72
129 113
63 178
142 79
57 111
187 95
161 59
198 121
184 132
148 124
95 85
172 175
186 82
78 173
177 184
60 118
97 49
160 90
107 35
187 80
151 23
77 43
123 138
133 190
197 139
72 123
170 106
181 146
108 184
148 172
95 97
172 34
193 65
89 121
118 31
141 46
82 141
169 75
80 72
191 139
53 123
150 79
47 73
89 124
106 50
168 186
192 183
143 109
90 119
47 136
74 31
101 81
92 173
152 34
125 45
47 133
151 128
103 136
42 21
122 132
106 119
147 173
131 90
58 75
123 50
117 130
73 38
185 125
160 44
154 191
44 167
125 69
157 162
52 50
139 154
168 193
170 121
108 137
107 170
170 158
73 197
115 63
51 147
81 173
96 148
177 186
102 155
59 148
112 160
160 43
41 85
196 185
196 105
103 20
125 193
150 23
61 171
54 73
61 171
143 40
57 114
86 164
76 122
138 54
51 110
192 37
100 67
163 146
169 51
74 72
120 76
161 107
113 116
135 143
55 169
197 91
138 155
73 35
55 25
61 160
102 53
187 41
176 87
181 178
74 157
198 100
198 43
167 191
186 176
91 122
157 83
66 61
166 71
114 158
126 90
192 43
46 115
45 117
74 81
190 29
73 110
70 103
71 38
197 79
183 20
45 180
200 70
60 45
129 33
63 47
156 66
108 89
70 196
144 147
191 146
98 70
48 164
74 29
80 120
47 179
86 103
172 42
184 114
168 188
90 103
148 161
129 101
130 75
139 158
171 166
103 195
119 75
112 146
72 157
135 75
57 72
76 145
119 96
92 66
171 132
163 45
94 143
143 23
167 198
159 61
98 173
110 41
69 147
109 160
59 67
129 24
87 134
139 196
156 156
75 162
199 64
96 114
114 151
87 170
129 120
175 52
162 130
44 144
145 152
141 158
183 54
131 104
131 87
159 53
61 64
178 88
167 27
138 195
72 79
179 123
56 67
190 87
154 125
185 175
84 83
91 66
148 135
176 144
55 147
43 113
107 156
117 142
40 157
131 110
197 197
197 143
54 64
194 93
199 58
41 102
99 68
65 177
56 158
185 162
60 150
82 116
169 143
90 182
178 97
80 190
82 145
47 64
94 107
129 162
132 134
108 34
159 132
79 69
123 139
132 175
179 33
173 188
195 106
118 72
64 142
83 77
48 155
53 129
95 22
104 29
165 163
144 148
177 187
50 108
151 32
191 199
50 68
173 83
51 174
156 109
191 95
112 30
143 117
107 165
142 74
56 70
195 114
126 180
86 136
157 37
117 94
150 179
146 175
134 106
191 68
47 89
70 132
139 178
112 192
156 119
152 161
198 140
188 29
163 104
120 88
44 90
182 184
110 46
191 93
95 110
78 176
192 198
144 131
162 152
53 27
134 178
73 27
182 49
169 77
152 114
51 122
106 108
53 71
85 45
76 190
89 118
190 66
87 78
84 154
67 197
70 145
155 102
193 171
149 152
106 174
116 103
82 157
77 186
85 181
58 124
168 64
173 112
102 102
146 90
47 61
45 164
142 71
59 46
77 80
44 78
107 103
71 194
162 197
145 157
183 91
152 78
82 21
43 25
90 77
168 121
65 84
57 44
166 82
184 129
86 180
110 173
99 157
86 121
137 40
190 184
111 98
191 132
130 70
151 71
49 165
42 23
109 174
184 73
198 155
166 93
80 199
145 179
177 99
111 54
134 22
141 94
79 184
119 104
49 41
173 20
198 37
115 107
114 169
166 50
112 108
177 198
121 164
119 56
123 126
184 82
130 142
198 170
131 95
112 187
116 123
63 22
180 179
96 39
172 99
187 68
70 51
122 69
195 150
160 50
138 28
185 125
85 177
160 93
131 95
181 51
168 82
97 29
86 160
198 132
175 86
107 48
166 140
131 100
55 175
182 133
176 150
132 40
147 95
96 122
161 26
96 76
71 190
127 86
76 92
149 145
53 75
48 149
87 123
140 58
131 50
44 91
76 77
43 90
116 107
170 117
51 99
141 68
193 99
129 67
138 187
198 58
116 197
114 127
177 114
64 59
152 27
188 199
48 117
190 21
166 129
75 75
131 182
158 77
101 79
92 26
94 34
63 73
185 173
167 158
84 50
101 191
84 114
157 195
113 99
199 100
45 23
98 187
190 64
198 31
118 76
157 59
126 60
82 155
93 81
43 171
116 57
111 168
100 167
60 156
132 63
81 50
93 114
187 80
122 65
46 76
149 50
163 33
140 186
96 81
162 90
52 191
55 65
193 21
127 196
128 160
157 31
198 63
168 140
177 32
188 67
112 35
169 93
140 119
157 34
159 124
172 86
53 165
156 112
157 144
130 176
123 57
149 79
139 37
171 85
153 77
95 184
85 138
142 196
158 174
129 198
114 186
165 72
170 61
176 119
177 106
59 90
43 143
57 148
149 131
146 166
135 41
110 149
121 80
124 197
132 22
105 91
168 61
184 54
200 99
55 103
95 125
105 197
50 42
151 84
180 60
180 174
139 56
158 51
123 108
72 153
167 136
196 55
181 31
200 198
193 33
182 126
100 42
81 112
157 171
174 23
106 60
164 67
147 158
133 148
59 122
138 45
59 167
174 35
170 34
108 132
133 133
40 123
155 141
186 152
163 52
61 50
51 134
102 101
140 152
55 149
89 66
42 94
115 96
196 190
118 101
168 103
199 192
101 190
50 22
96 47
59 118
111 173
131 38
89 20
181 161
124 180
83 41
104 171
175 143
85 83
163 46
129 183
115 58
109 80
132 79
56 70
47 181
140 181
100 181
179 91
72 109
43 197
165 85
118 189
106 143
112 196
121 78
144 112
88 113
52 116
139 77
188 21
139 85
120 35
189 174
181 117
48 103
128 195
76 37
133 160
138 191
79 187
122 79
168 96
187 79
186 77
182 92
89 180
72 118
185 65
127 66
150 120
172 52
84 101
77 146
153 84
92 157
132 66
197 177
116 37
194 162
136 199
168 111
187 192
174 128
72 59
189 46
93 35
179 105
144 123
93 40
42 181
159 127
169 156
77 128
143 94
147 34
41 77
57 67
185 193
152 70
117 36
83 44
50 30
83 135
189 183
197 85
70 54
199 87
147 132
50 36
53 42
45 77
188 132
171 51
82 32
143 27
142 104
150 186
155 163
148 169
157 23
82 192
159 82
163 119
139 49
112 82
147 153
159 196
186 178
56 156
169 27
58 96
40 166
161 111
179 44
191 89
104 58
177 49
189 40
67 162
66 116
47 79
135 191
45 145
51 109
140 161
122 94
81 130
60 125
115 139
88 185
122 63
184 146
89 89
44 154
71 197
118 98
75 106
59 139
60 188
108 190
97 138
49 52
74 45
124 162
199 66
127 22
76 116
169 63
155 77
131 79
42 130
141 64
59 132
110 166
55 169
104 189
119 69
75 37
147 145
194 125
119 133
109 34
135 22
163 20
191 194
55 191
126 83
116 63
129 176
128 27
75 125
110 73
89 131
134 112
102 96
108 154
143 177
199 112
170 68
197 130
186 180
182 186
123 130
128 181
158 129
75 68
97 77
69 91
83 194
45 90
141 139
93 188
106 81
148 120
65 162
147 42
60 20
45 73
191 100
59 70
107 179
80 48
165 95
142 153
83 95
168 23
137 21
59 32
54 183
187 37
187 160
45 101
52 103
65 67
194 199
59 40
44 102
179 125
189 200
199 174
162 20
133 130
190 168
103 40
166 29
53 135
116 42
55 53
119 91
61 161
118 182
194 75
108 168
66 54
125 27
197 47
191 74
53 100
64 119
40 52
90 75
134 85
48 67
65 87
171 128
81 91
139 165
62 54
152 90
174 126
84 90
124 76
200 23
197 133
111 111
79 176
146 71
188 106
175 31
144 63
51 55
100 140
154 114
126 26
64 126
79 58
128 102
194 132
192 35
75 55
53 195
116 88
46 160
156 184
89 162
40 106
197 78
66 43
83 113
80 50
121 196
178 165
179 127
165 195
160 172
93 113
190 137
168 85
43 68
125 114
91 91
140 80
190 50
86 194
51 54
184 157
181 117
149 187
133 97
67 175
148 47
169 114
64 190
91 31
156 153
62 100
176 52
171 152
106 104
59 164
108 68
150 47
103 89
119 31
189 172
95 127
59 116
112 131
137 149
87 60
180 86
67 120
85 165
78 102
124 154
139 179
150 171
117 193
171 51
165 55
88 54
72 81
78 48
165 182
76 80
112 74
119 185
127 71
175 105
190 41
73 58
77 122
63 129
182 114
154 69
66 181
200 162
64 109
139 51
98 171
85 149
94 23
45 143
125 169
193 161
63 25
48 166
175 138
153 140
174 81
152 190
78 110
112 26
99 167
60 153
100 174
106 143
118 57
200 191
61 25
127 142
124 181
152 169
141 59
184 160
40 194
71 34
111 34
42 35
59 196
175 60
133 40
80 158
159 182
113 106
181 137
127 53
105 53
77 84
53 65
196 162
50 104
186 62
67 55
55 50
190 106
165 37
181 142
197 129
153 138
111 65
196 173
183 44
199 54
123 124
98 45
80 191
115 39
49 83
109 23
79 88
144 102
102 168
151 68
40 186
50 154
123 68
150 113
136 138
55 25
191 69
164 115
171 110
117 58
140 70
174 92
43 150
176 133
149 101
45 197
138 103
169 141
87 144
119 88
148 196
108 139
175 152
137 169
138 160
194 175
117 118
138 172
110 181
176 154
128 90
55 27
86 180
139 57
92 159
87 53
200 105
139 142
105 187
152 179
142 163
161 141
100 56
174 133
62 200
86 75
86 191
46 147
104 102
96 59
187 53
138 36
104 181
63 75
41 122
52 154
91 71
76 23
173 46
147 49
180 169
196 90
149 102
43 127
183 168
192 38
88 103
56 87
90 142
88 75
114 64
109 143
177 124
46 186
48 52
198 35
71 116
77 146
175 98
172 140
179 65
91 169
94 35
159 140
111 72
131 165
172 24
96 145
124 26
200 171
190 84
62 146
122 71
150 20
91 160
198 156
47 96
123 192
44 173
79 187
158 104
141 149
68 193
187 110
181 100
78 193
61 192
133 48
58 77
173 164
196 185
133 98
155 110
163 37
78 191
61 20
46 49
178 23
134 153
165 67
200 171
42 52
48 36
168 22
77 144
117 190
130 107
192 149
169 72
185 149
126 123
150 120
140 114
45 197
188 83
102 118
82 172
128 151
84 112
132 66
61 105
62 21
45 177
127 167
107 193
182 45
186 99
131 130
174 135
126 146
161 84
154 52
83 47
145 189
161 36
124 121
135 128
111 131
115 170
173 132
59 47
71 173
86 156
134 94
165 26
159 71
52 43
41 37
60 43
118 36
173 20
106 140
200 151
174 173
90 150
143 130
57 84
108 26
181 158
113 47
145 139
140 33
49 49
194 74
128 141
177 109
67 110
168 33
193 151
142 162
190 159
105 136
195 183
109 55
144 58
103 138
174 176
176 111
142 66
117 83
148 180
145 73
90 33
89 31
87 82
85 196
115 44
59 38
65 158
76 89
163 30
173 150
178 23
125 48
121 49
107 23
172 104
44 30
78 142
165 191
103 51
132 84
51 130
66 189
130 102
113 78
182 198
130 38
115 57
138 182
136 25
153 157
71 113
87 75
54 184
189 51
64 189
101 46
65 185
167 47
129 195
165 176
112 171
52 63
117 171
160 127
200 185
106 196
42 31
69 55
168 113
77 95
147 73
43 180
79 106
198 141
121 43
185 102
93 138
55 37
130 32
86 149
154 26
151 200
107 31
159 71
193 108
65 148
58 162
134 195
184 117
48 49
51 57
96 133
90 54
137 33
183 35
183 45
89 198
47 57
71 132
85 49
79 188
123 94
149 26
189 47
175 109
64 135
176 23
64 142
53 111
52 60
68 76
132 156
124 66
143 121
171 137
146 30
57 61
154 172
72 71
149 55
157 191
60 161
130 67
175 150
47 179
112 142
102 158
142 99
83 185
118 44
83 37
121 114
134 174
165 168
143 37
192 127
140 92
172 22
148 156
192 143
164 22
197 158
144 113
81 126
98 33
192 105
182 141
150 126
112 89
191 181
116 67
57 171
136 154
137 191
149 25
158 85
111 121
166 191
196 32
44 139
89 198
49 161
172 21
60 76
43 86
146 119
197 28
149 98
70 116
126 186
90 150
78 54
61 195
84 43
199 31
138 93
122 100
81 118
143 142
122 129
147 44
165 159
181 20
167 66
123 194
133 175
191 28
86 72
96 191
151 81
82 175
44 87
194 183
88 107
134 112
114 67
113 71
45 38
59 29
101 44
129 26
88 119
65 72
169 168
138 102
125 101
72 186
106 118
135 70
120 121
81 77
154 154
70 177
131 60
57 135
162 168
174 169
179 102
84 136
151 156
172 102
166 115
77 29
136 185
88 164
173 29
51 101
197 173
93 169
117 175
143 81
132 130
189 41
86 96
66 179
51 174
160 90
103 84
127 149
127 78
128 92
110 189
117 167
47 71
161 186
49 144
69 171
198 157
98 93
109 33
75 34
46 182
67 56
154 24
141 108
71 93
99 83
123 113
124 61
197 98
149 46
134 154
163 189
122 21
50 170
137 122
108 110
89 73
192 49
164 184
147 125
58 88
88 46
40 190
200 116
155 128
178 64
197 28
81 107
111 69
184 67
88 98
41 189
162 54
178 70
140 125
154 187
62 28
140 167
70 188
115 159
131 109
177 83
58 186
179 47
112 105
73 71
160 86
198 136
120 84
58 63
143 190
146 34
99 63
138 132
50 65
148 86
178 170
157 71
103 189
82 91
146 177
192 89
150 112
125 39
138 68
68 156
174 176
191 143
196 115
64 154
48 23
130 135
94 121
121 185
198 126
186 127
77 151
110 199
52 164
72 71
170 79
158 100
155 48
200 166
68 167
44 32
119 107
133 105
183 114
88 163
140 40
154 85
116 25
111 155
111 75
64 189
67 36
83 104
40 186
45 127
118 28
183 74
128 183
131 36
167 51
143 153
48 126
61 35
199 167
45 169
92 57
106 68
133 94
152 193
136 160
59 194
77 135
181 104
123 39
125 53
144 54
57 59
131 20
87 155
49 140
176 146
132 54
93 112
182 152
57 112
43 155
129 77
151 127
199 82
191 81
104 157
135 102
186 91
179 130
136 186
96 148
119 102
171 191
45 102
43 20
111 185
49 71
126 126
146 68
86 84
184 194
166 145
58 153
99 200
157 178
142 57
169 156
142 64
85 93
109 187
96 172
74 35
189 188
107 170
184 147
185 136
88 120
61 116
68 106
200 178
50 110
72 178
122 53
78 129
130 190
87 177
67 106
71 80
130 178
41 46
121 173
158 46
162 146
55 178
139 189
67 99
54 108
180 65
119 25
165 33
119 108
97 181
90 181
110 43
89 74
49 149
183 27
183 151
155 150
132 45
168 152
170 132
111 89
69 163
177 193
54 138
48 99
131 126
164 70
118 119
116 177
66 95
92 98
126 175
138 75
118 99
123 78
76 72
106 150
195 78
89 197
113 95
52 184
50 54
144 144
137 98
198 129
108 79
76 130
179 54
