91 121
74 54
124 193
119 189
157 83
72 60
130 24
132 172
137 159
45 27
105 44
80 160
58 155
127 169
169 64
154 144
47 82
43 61
156 114
155 164
130 92
181 123
108 76
174 162
153 20
80 101
151 152
162 124
178 52
42 107
47 145
151 104
161 143
110 165
192 154
195 74
194 180
170 36
182 126
149 153
121 28
163 44
179 99
46 28
161 64
136 59
85 21
160 181
169 62
149 125
45 84
92 99
63 79
117 141
185 136
191 137
53 62
188 162
125 165
56 163
151 119
116 75
78 63
74 21
109 184
46 64
100 200
66 101
122 118
164 183
111 54
173 143
120 83
138 97
120 34
46 34
149 104
163 27
52 199
143 197
45 102
97 122
178 51
75 191
137 187
101 94
159 137
42 59
114 166
96 23
51 20
166 157
154 29
149 39
166 144
90 126
157 200
70 164
98 104
114 82
121 132
186 87
147 182
53 45
189 155
130 167
66 59
146 89
196 128
40 60
40 40
180 33
124 57
102 139
191 85
195 84
200 51
100 75
80 68
62 76
143 180
155 51
154 138
81 56
181 101
49 68
130 100
161 63
183 194
66 131
191 180
75 153
156 150
96 160
200 173
152 176
138 78
143 147
158 151
59 172
162 179
128 140
44 51
196 116
54 178
183 67
113 123
44 200
80 116
82 28
40 156
135 175
159 172
195 122
199 50
175 195
53 91
172 30
197 143
86 160
75 86
103 199
153 113
133 165
148 122
177 89
113 89
185 127
53 46
193 151
61 20
53 83
75 35
162 110
49 197
149 112
85 94
114 81
170 133
178 59
140 193
125 102
104 33
191 23
112 159
175 81
56 174
152 139
89 181
69 126
81 39
71 149
91 35
40 96
160 166
73 64
162 53
87 35
117 24
53 61
193 55
93 117
61 193
58 145
164 200
108 161
109 126
166 99
98 88
56 106
135 144
100 25
73 179
156 82
138 142
147 96
194 155
147 132
45 28
109 127
195 199
95 64
148 141
116 27
66 168
154 151
99 81
190 191
81 197
72 21
132 91
87 89
97 101
157 170
154 119
111 131
115 103
183 70
85 138
91 51
101 90
200 81
96 124
145 114
102 180
102 41
139 166
127 196
181 189
45 161
144 200
168 81
63 191
171 135
170 79
140 73
156 196
118 116
95 116
138 145
174 144
195 198
196 60
115 139
104 174
40 177
109 103
137 115
140 171
57 93
130 99
110 159
46 22
186 86
52 185
131 180
180 94
102 39
133 86
77 33
172 186
77 102
69 67
100 39
156 78
42 143
51 190
90 34
61 55
130 85
133 90
173 159
157 41
168 166
83 156
52 144
81 91
123 59
91 175
158 102
128 111
148 175
132 158
52 26
51 173
70 184
55 61
168 32
72 95
54 49
46 172
115 111
42 49
45 158
127 36
81 112
76 89
43 139
183 37
149 27
106 144
100 48
72 52
161 123
193 39
191 116
136 192
81 142
67 170
159 143
187 51
96 40
55 94
165 135
142 79
167 26
155 72
62 70
80 108
47 164
57 154
150 37
118 110
80 150
166 104
106 110
168 94
83 115
156 153
89 43
152 91
68 40
95 123
49 142
40 138
155 63
168 103
108 34
66 34
197 106
198 87
168 102
144 71
90 181
72 178
141 192
101 68
98 133
42 154
187 43
56 105
50 170
57 198
189 199
118 192
127 20
64 58
146 142
132 196
104 23
57 130
103 20
147 83
132 67
54 176
78 185
128 191
169 72
141 33
153 111
96 150
167 194
173 109
78 53
91 68
99 20
56 177
76 176
91 192
41 57
106 113
49 200
83 173
84 86
63 105
150 129
50 152
161 39
51 149
61 69
69 134
175 156
86 59
88 42
177 82
141 86
65 151
92 125
41 142
93 108
102 67
171 116
160 57
71 193
172 100
53 111
77 153
187 51
46 121
104 115
93 150
200 151
142 102
165 94
148 108
182 65
70 197
128 69
163 143
53 199
178 94
197 27
54 66
179 174
73 117
142 41
110 114
50 169
52 85
192 58
157 106
48 146
92 113
75 86
158 186
99 142
164 139
84 119
104 36
195 146
192 37
183 107
146 86
105 195
79 93
144 117
192 37
84 114
86 175
136 169
49 58
181 66
146 161
136 173
147 173
123 152
108 92
106 23
147 49
105 43
188 98
179 80
66 183
129 178
113 23
64 46
167 43
89 28
117 138
120 132
186 111
146 90
177 78
147 118
186 36
75 191
60 129
105 198
169 140
194 117
187 67
59 75
152 109
195 81
161 191
184 113
93 23
134 165
157 47
151 195
142 123
51 140
125 52
86 100
47 175
72 83
152 103
52 79
106 26
127 149
119 190
44 128
117 146
46 36
162 62
87 97
48 86
196 23
105 53
82 188
155 170
168 82
139 73
177 131
77 49
96 152
58 156
121 194
145 126
186 35
98 61
192 170
87 45
58 80
191 51
135 31
98 25
109 164
46 163
123 102
182 34
125 34
160 149
99 28
172 163
176 184
64 52
173 154
112 26
53 20
120 114
147 129
129 33
88 85
137 140
49 177
121 98
108 38
98 99
188 38
83 48
101 81
140 90
89 54
123 110
50 111
113 67
63 186
57 90
166 86
115 36
133 92
162 102
58 69
42 106
191 27
53 34
47 59
69 177
85 75
180 35
174 106
54 90
95 131
49 21
147 87
49 127
86 156
77 106
123 71
101 110
63 33
143 141
136 74
148 41
166 153
157 103
84 104
159 126
47 46
83 167
187 36
135 31
164 178
61 138
143 161
76 161
104 164
67 197
116 167
72 96
49 159
126 31
192 112
45 193
128 85
99 143
178 75
143 122
53 112
44 185
170 41
164 165
119 166
76 58
89 172
134 34
166 55
156 152
123 107
98 179
130 28
153 98
177 188
64 185
170 112
52 131
83 134
72 131
93 117
158 107
175 184
82 58
153 91
187 81
169 192
170 139
72 72
164 135
63 86
117 140
132 140
71 41
44 195
180 39
173 192
158 188
131 21
151 142
170 196
64 125
170 136
123 134
120 65
42 181
45 58
40 196
115 71
108 189
80 154
46 114
71 181
186 129
88 62
77 92
158 160
71 41
58 152
108 48
142 22
104 54
86 175
186 67
128 159
141 81
99 42
110 158
48 141
139 152
53 135
108 85
159 152
188 87
104 198
98 41
140 153
129 155
45 161
128 24
125 153
141 23
184 72
183 46
176 53
200 182
104 76
99 107
142 97
134 48
126 51
159 109
43 89
181 30
98 44
77 77
189 94
110 33
70 188
186 143
148 57
157 98
146 46
193 107
126 86
195 103
46 89
154 153
61 127
68 194
157 29
198 158
154 142
161 117
157 102
48 110
167 111
129 188
132 180
127 87
152 163
132 84
44 107
75 109
156 194
162 167
141 116
193 162
193 50
111 64
127 176
40 107
43 26
75 135
116 198
188 44
177 22
181 109
186 74
115 114
73 59
111 107
119 49
138 192
86 187
178 28
51 122
62 142
55 35
122 68
125 147
56 160
125 64
51 125
148 96
149 32
109 62
179 145
80 124
56 56
110 38
115 180
69 166
143 84
141 38
44 110
70 160
89 109
152 148
126 193
121 200
167 47
49 81
88 98
149 76
180 132
128 83
148 89
160 51
169 78
53 45
197 35
83 34
65 28
133 31
57 94
98 123
196 94
134 163
59 85
176 61
72 39
68 38
170 137
54 35
171 92
188 166
50 37
163 129
76 102
71 37
116 42
133 130
116 50
103 120
61 154
73 61
113 126
184 133
41 117
53 94
40 34
99 42
198 73
98 125
80 23
96 170
43 131
57 61
128 171
188 20
167 117
143 66
183 125
93 39
45 146
101 103
49 183
196 186
77 34
200 68
118 178
192 197
52 182
68 186
196 65
173 184
131 178
41 151
108 165
44 34
126 103
125 105
131 79
132 154
81 57
157 47
102 172
104 72
44 125
170 164
41 194
128 91
133 154
103 170
196 192
110 98
100 64
48 167
177 54
197 77
188 197
125 100
177 122
187 93
135 55
187 73
40 48
106 109
140 134
72 55
44 98
173 111
76 155
55 23
177 185
91 166
176 49
77 43
111 102
41 29
51 119
174 122
175 46
146 148
102 44
186 30
54 174
117 160
171 72
83 121
148 179
148 162
85 23
101 172
128 62
175 142
110 77
157 59
145 157
47 47
148 87
122 153
70 25
83 67
108 133
163 33
194 46
40 142
40 67
156 189
102 93
150 118
116 128
126 164
42 167
62 38
146 154
109 66
182 79
63 71
194 157
124 167
76 82
70 72
164 20
176 21
121 78
48 131
100 142
137 150
69 31
196 68
121 145
166 85
196 196
150 174
190 98
72 104
57 159
66 110
162 178
59 137
146 159
112 148
174 168
73 63
163 155
195 39
85 120
68 52
90 174
193 97
153 127
78 182
132 125
153 192
76 179
181 60
74 126
54 163
176 93
130 44
87 92
188 177
97 57
138 192
102 162
41 124
63 109
149 85
195 115
73 145
131 144
61 160
45 73
96 36
130 132
180 122
98 194
55 150
148 92
143 47
100 135
195 161
172 187
187 32
98 135
45 102
163 41
152 104
191 67
138 193
92 39
50 64
106 75
155 24
172 78
176 20
47 185
42 162
61 156
42 100
124 166
112 156
92 126
164 107
83 174
87 185
154 110
187 165
124 117
111 94
160 161
195 197
86 36
162 116
191 152
117 74
87 51
165 150
106 20
52 160
172 112
149 132
45 92
178 82
132 24
196 57
151 193
91 102
169 32
59 84
129 25
183 21
96 42
106 87
72 130
159 100
41 36
115 41
157 164
134 193
70 26
68 197
61 109
190 112
176 32
40 83
44 180
153 31
194 50
177 150
198 128
115 182
106 48
49 187
133 128
129 75
103 105
178 146
152 188
49 191
189 39
123 139
195 65
48 156
45 178
53 85
100 91
65 30
141 143
142 113
56 125
171 87
153 76
46 166
194 172
54 21
165 194
161 120
80 183
112 57
120 120
140 138
162 114
167 112
196 182
142 168
147 162
76 68
170 106
188 124
74 23
168 35
93 56
48 179
112 47
129 130
112 31
121 179
97 143
185 52
52 113
105 117
145 129
164 125
118 34
144 31
134 27
170 43
142 95
141 191
84 40
117 45
195 38
186 95
64 107
200 86
160 187
188 139
146 115
193 93
192 82
170 196
148 159
115 122
74 118
82 75
133 184
117 79
109 168
57 112
64 37
111 132
104 106
164 85
97 74
190 177
93 70
128 135
193 92
125 185
83 59
176 150
142 115
46 145
62 31
118 22
58 133
167 53
82 141
132 60
128 167
60 117
65 33
90 138
124 65
132 167
58 42
119 115
145 139
196 152
151 186
189 125
124 76
191 94
153 49
86 40
105 92
195 35
153 73
198 170
77 72
74 168
119 26
153 33
116 25
162 121
108 173
197 169
165 99
168 36
108 61
177 75
65 103
43 60
57 60
73 190
147 52
178 89
71 70
93 163
118 48
93 154
150 108
50 128
165 150
65 191
94 71
181 138
188 65
192 155
103 130
66 123
165 146
62 49
105 26
72 118
54 104
88 106
109 20
96 132
156 49
73 182
161 100
86 32
186 59
89 46
146 190
59 140
194 80
73 127
151 141
178 109
119 111
117 136
169 34
100 185
112 71
166 195
90 40
91 28
158 71
91 54
115 64
183 96
162 129
181 71
100 55
190 196
179 168
70 49
59 114
187 182
68 149
54 23
104 110
80 76
84 155
75 104
78 80
49 29
159 120
124 191
123 23
189 25
58 179
118 140
140 89
65 188
162 43
89 91
68 84
94 71
185 193
54 84
183 122
69 132
193 30
154 147
62 71
121 157
172 178
92 48
75 90
167 66
64 163
162 167
84 68
161 80
79 134
132 79
71 63
92 70
187 155
99 86
184 109
101 45
112 57
75 44
107 105
114 67
111 109
175 196
53 81
159 192
200 95
152 196
105 55
97 110
131 184
168 179
196 82
141 34
54 80
190 123
79 191
72 99
130 22
110 190
88 58
109 126
67 129
67 27
98 198
160 147
130 181
69 194
104 28
126 193
174 71
184 138
59 160
114 95
150 23
199 98
169 144
148 99
101 144
67 185
130 71
98 160
102 104
188 156
41 44
120 169
134 161
81 26
63 69
136 119
152 124
137 154
104 194
185 30
168 111
194 130
191 72
96 138
139 108
173 82
75 173
200 141
174 52
120 159
71 83
185 143
162 125
113 153
72 155
192 48
101 170
123 103
169 81
50 180
131 155
199 122
132 155
175 100
151 56
111 199
189 120
114 46
68 197
52 147
191 199
137 83
181 112
139 27
50 116
136 158
198 145
60 128
126 62
180 39
155 81
167 55
70 86
182 36
95 152
96 77
58 172
198 148
132 190
68 167
198 147
86 78
122 26
61 162
130 148
146 136
190 128
134 63
65 167
139 119
59 139
186 168
139 164
149 32
92 157
139 21
80 161
78 153
93 144
87 74
98 155
92 22
143 64
134 48
60 36
191 178
90 59
101 153
80 135
140 25
62 145
179 43
127 79
113 35
73 88
55 31
175 189
99 75
186 36
88 69
193 55
144 115
70 180
70 199
178 78
136 163
143 35
173 197
144 158
57 196
175 65
115 184
42 199
148 179
176 63
174 131
196 31
63 188
194 135
166 90
172 45
94 134
178 151
123 30
77 156
120 115
149 53
85 151
184 39
80 103
119 85
112 21
65 60
185 50
65 197
126 28
107 80
178 48
125 171
41 56
150 94
155 84
168 80
84 167
101 21
150 27
131 173
85 161
178 181
148 28
87 104
195 121
115 142
46 86
178 189
189 82
130 114
47 163
159 93
83 143
137 178
87 145
168 148
142 172
51 116
109 188
109 24
175 198
139 49
85 58
59 60
92 67
78 27
165 170
108 29
129 108
113 127
113 90
59 180
174 100
186 173
176 66
182 25
99 59
153 75
121 103
171 138
161 102
66 181
180 57
45 147
76 41
124 190
142 186
72 92
55 124
74 67
152 148
152 94
117 186
188 171
173 164
190 101
87 55
191 94
150 61
163 196
65 78
115 154
137 21
100 92
80 35
40 120
63 139
162 123
103 151
59 56
172 62
178 170
143 79
125 121
174 34
69 44
117 181
176 47
125 135
174 179
193 161
165 148
44 44
163 74
52 48
69 56
172 41
96 118
134 88
199 194
49 130
114 185
200 45
187 196
147 53
95 32
68 181
50 62
107 102
80 80
156 79
169 36
71 198
146 163
48 153
138 193
186 34
105 182
196 132
130 174
127 120
124 167
168 181
41 108
174 131
131 38
139 104
133 39
77 24
102 112
98 133
80 50
131 139
192 39
138 26
138 63
107 163
190 179
127 63
133 44
125 173
121 192
165 119
190 37
51 45
123 165
84 187
185 37
185 165
79 35
164 136
80 70
126 153
46 86
179 193
190 95
94 70
111 120
172 92
182 191
169 127
161 123
146 26
120 34
108 65
175 86
192 65
43 56
57 33
84 189
130 162
52 116
189 48
103 93
162 77
96 36
126 24
57 130
149 126
99 35
176 186
53 200
107 103
162 180
171 175
177 172
105 25
117 165
146 50
146 47
166 190
159 167
120 83
172 44
192 51
189 30
40 128
56 82
56 38
136 67
191 130
154 64
181 50
63 63
142 78
92 41
114 56
69 187
84 153
61 179
128 77
147 47
177 163
126 115
161 171
194 109
43 141
159 78
109 34
131 53
124 137
56 91
175 116
50 100
179 28
194 120
50 200
89 85
192 144
161 28
109 49
186 134
48 90
147 30
111 176
95 43
125 25
50 114
62 30
196 63
159 30
73 154
177 52
170 127
83 127
126 101
134 20
101 99
64 71
112 184
134 101
64 149
198 39
98 167
147 145
50 21
74 86
53 24
110 149
173 73
98 187
186 64
73 170
127 30
66 150
107 195
180 52
199 169
117 139
76 81
54 60
162 185
103 33
118 148
182 187
161 115
161 102
71 176
193 71
170 108
178 178
170 109
170 179
194 104
159 24
116 143
153 22
180 47
53 34
174 162
44 177
43 107
146 96
170 180
102 134
185 198
83 35
132 135
74 31
165 58
61 132
165 128
114 82
96 71
177 165
41 49
187 164
149 144
192 41
143 63
138 28
194 111
114 100
83 150
72 102
64 113
134 86
75 40
163 189
164 112
52 180
63 169
162 126
95 93
88 27
58 186
55 128
126 182
97 116
193 50
103 60
46 134
55 85
107 120
151 167
96 99
93 96
61 182
191 121
111 172
198 26
85 78
133 27
175 137
140 147
188 149
99 149
76 67
49 30
49 182
64 28
164 143
125 184
154 178
61 114
196 126
163 174
168 175
142 137
126 75
110 157
108 184
42 77
54 168
165 170
132 53
52 100
117 51
101 140
88 162
52 58
189 45
68 70
138 128
75 82
115 103
179 139
197 21
105 155
42 66
157 178
162 147
141 187
128 186
144 93
196 56
177 133
126 46
161 162
188 37
163 68
105 90
108 93
97 200
178 120
193 157
177 36
56 135
158 99
62 192
137 145
153 79
165 117
151 117
192 90
85 68
124 44
124 197
50 77
78 49
123 170
99 75
103 100
99 131
179 126
145 179
43 191
115 48
62 183
189 188
136 85
112 118
171 81
179 88
182 104
91 71
73 151
54 88
143 132
110 139
198 128
126 99
181 124
79 46
57 171
102 162
156 73
98 190
114 181
126 124
97 124
136 79
73 193
113 192
182 118
126 167
59 171
55 186
138 81
167 57
193 146
110 128
77 186
194 125
77 185
69 82
193 125
164 77
192 36
63 127
149 33
87 67
81 129
142 171
112 118
193 59
193 116
168 38
113 150
180 166
172 190
105 32
142 21
111 151
42 96
128 146
50 173
128 106
87 136
63 177
83 160
169 63
81 143
151 30
158 84
117 179
60 35
122 113
57 172
105 101
65 127
158 85
84 161
42 136
164 144
88 151
125 107
165 144
161 193
164 44
58 20
142 116
179 71
75 141
170 141
44 109
87 188
70 65
88 184
41 184
160 53
168 55
137 109
92 158
173 169
182 81
125 26
136 199
153 169
82 185
131 178
57 80
58 104
59 98
42 151
159 99
109 100
52 80
81 85
128 146
67 96
178 127
190 176
138 123
147 52
62 73
84 123
80 136
50 182
43 123
55 43
111 48
163 195
47 112
105 24
126 21
115 72
63 114
194 184
43 128
186 160
189 159
125 81
196 63
76 118
148 38
129 127
176 30
147 37
56 123
184 166
164 68
52 98
145 158
122 137
72 78
200 193
91 164
172 119
93 76
111 103
48 102
84 87
176 173
53 109
152 139
72 42
70 198
48 122
106 178
74 161
185 126
158 64
86 168
91 128
200 156
136 81
120 51
42 47
161 171
163 57
145 170
188 30
40 184
99 124
100 99
152 37
170 91
109 193
108 111
147 130
58 156
164 31
146 98
89 140
73 59
124 135
171 35
131 140
79 146
190 195
87 52
110 55
129 165
138 51
50 153
176 93
76 110
55 151
160 171
78 33
193 25
171 118
46 190
107 80
168 120
167 116
149 159
120 99
113 191
165 151
41 118
136 94
160 164
75 65
85 134
79 117
45 197
133 59
175 45
62 137
81 59
133 153
73 144
186 119
54 167
181 115
159 86
146 75
149 96
76 120
161 23
106 187
111 49
78 85
166 126
99 76
141 155
122 105
115 145
74 115
66 178
195 29
169 40
90 118
60 139
185 185
174 167
77 67
175 81
131 53
137 76
93 120
48 166
93 197
89 123
80 176
162 61
51 148
98 72
89 158
99 195
49 98
145 184
58 106
117 44
78 130
172 34
150 66
122 152
160 157
143 164
155 181
63 96
92 64
98 56
178 136
92 84
192 155
43 53
152 198
184 101
193 36
107 64
41 134
60 135
171 121
87 153
92 148
137 127
182 185
153 185
61 115
134 142
141 170
176 103
100 76
75 90
148 41
78 41
159 158
105 35
62 111
160 67
123 183
125 153
132 161
113 184
110 128
110 121
46 85
157 177
152 93
100 156
106 50
61 157
187 181
140 58
127 156
101 152
61 111
102 52
102 149
58 133
113 185
45 200
162 177
123 144
43 126
92 143
158 107
72 198
128 166
167 187
186 177
185 64
67 107
194 184
120 91
52 164
183 26
96 184
70 200
194 42
163 105
184 183
97 195
58 62
148 139
42 68
54 172
89 138
57 142
180 190
85 135
106 76
113 172
54 90
155 95
87 59
161 28
169 80
121 141
179 34
189 36
145 105
48 107
90 187
134 184
185 65
88 197
91 194
61 84
53 123
102 93
182 29
73 182
161 81
113 48
109 184
82 31
106 130
67 115
120 24
169 44
101 117
114 151
142 32
132 40
194 32
194 56
162 143
67 74
188 33
105 153
119 112
131 97
107 176
50 124
166 192
152 84
110 97
113 24
64 52
160 184
63 131
182 160
106 89
47 98
154 161
138 194
73 102
122 138
147 150
130 154
76 91
52 198
130 156
146 198
85 121
73 196
58 33
151 196
145 194
186 136
55 169
173 154
133 142
44 79
141 181
96 126
75 167
47 138
192 64
86 38
100 93
139 78
126 66
168 128
102 123
95 55
109 153
50 117
104 126
141 173
185 30
174 20
75 67
179 36
182 90
144 59
179 107
196 31
196 37
124 49
108 79
196 25
40 161
122 186
159 86
125 179
160 26
160 68
106 178
176 147
192 112
139 167
64 23
59 71
47 86
135 155
119 135
57 182
174 169
193 134
110 84
76 115
167 87
130 190
121 36
137 154
91 132
94 51
170 197
68 37
188 127
125 32
46 111
123 168
154 28
90 142
53 172
40 161
135 96
119 96
113 77
56 122
189 59
40 77
68 125
139 44
111 96
116 152
129 72
49 183
90 94
94 133
192 169
175 155
48 163
149 94
76 47
80 140
48 107
102 171
46 163
133 131
173 154
42 121
171 161
123 24
54 135
188 59
101 70
115 141
63 82
46 21
195 177
140 57
89 192
139 183
174 49
121 165
153 96
105 85
40 146
55 143
87 49
89 166
66 158
103 91
58 134
71 110
55 178
190 148
72 158
190 185
179 21
78 102
72 24
186 34
182 181
51 69
62 121
81 115
146 130
57 192
125 122
200 105
60 20
142 83
200 25
173 76
66 53
40 152
109 156
41 189
113 141
110 134
196 36
117 80
84 160
135 29
184 30
139 116
117 178
149 83
134 139
191 144
65 149
125 124
174 199
107 116
40 179
75 177
48 27
179 70
66 67
166 176
40 161
198 53
124 44
183 52
116 187
59 74
81 67
130 167
90 42
105 91
195 71
138 195
44 146
84 79
81 115
123 101
55 171
117 155
125 41
66 195
68 66
190 157
180 83
169 196
145 136
135 148
58 87
81 166
141 147
92 64
156 168
82 40
101 107
153 157
142 86
156 51
187 93
126 72
170 52
135 76
141 143
82 137
144 97
58 92
70 37
112 190
57 169
44 42
160 178
74 170
142 144
110 127
162 121
58 186
79 141
99 131
195 106
47 133
197 24
60 24
129 182
149 146
136 168
188 99
122 82
105 134
136 148
87 79
63 175
148 196
96 131
176 81
89 32
68 26
57 147
50 24
46 131
82 161
40 105
97 66
119 158
136 191
105 23
128 153
108 158
172 188
145 190
89 194
106 108
87 23
162 81
57 56
173 25
139 45
44 43
169 30
118 56
83 196
198 191
109 143
46 82
113 131
132 101
133 26
138 85
45 122
60 134
52 51
151 69
185 191
144 36
176 64
56 48
88 107
136 67
188 182
145 124
134 184
182 109
90 99
106 39
96 45
97 53
172 78
94 45
159 109
107 81
126 43
192 56
128 172
127 25
123 28
78 98
193 185
57 81
90 42
119 107
44 70
78 186
146 60
187 38
93 187
40 161
176 86
90 176
136 25
103 41
171 120
47 69
120 135
85 103
159 155
57 152
85 33
120 173
146 40
163 26
93 32
97 33
53 73
109 70
151 139
186 49
47 196
191 177
79 78
196 185
200 102
143 108
171 153
98 23
184 191
133 157
95 89
139 31
70 163
150 42
146 180
174 136
101 37
168 197
160 148
67 167
136 50
160 77
44 175
69 167
189 93
171 198
158 64
169 21
98 88
178 161
40 170
75 96
61 38
172 136
139 156
133 132
158 39
95 84
153 159
132 57
170 92
62 55
185 76
151 104
72 120
49 200
64 96
50 75
51 179
71 106
99 182
82 117
56 200
90 100
140 199
62 65
70 106
64 57
188 102
46 69
141 188
72 127
109 160
196 41
152 21
71 37
158 91
90 176
187 127
198 110
136 94
135 162
129 122
70 76
140 155
121 142
109 133
174 38
40 67
185 172
72 85
86 80
72 64
48 46
130 161
102 136
128 87
135 48
87 61
120 93
119 186
52 49
69 45
102 158
172 192
50 30
174 110
52 118
94 153
87 58
53 179
199 28
143 135
161 182
54 38
96 141
196 100
63 189
76 169
136 137
78 82
160 141
197 139
120 60
167 96
112 120
177 107
43 120
155 105
76 164
141 74
92 163
98 78
96 97
141 200
77 101
167 101
70 57
67 117
136 135
197 126
51 26
121 122
193 25
58 97
170 140
49 54
112 109
40 94
91 131
175 89
136 103
172 68
95 95
105 159
42 49
93 161
177 143
132 94
133 141
41 186
81 90
68 168
145 200
195 183
187 69
162 44
200 83
101 40
194 47
153 33
105 35
89 182
178 108
43 144
54 87
119 137
105 67
195 67
77 200
189 40
128 121
182 108
53 135
66 108
160 119
126 45
89 95
131 105
171 181
161 145
92 27
53 27
83 78
163 195
61 72
70 189
134 172
177 178
175 121
112 89
189 160
156 143
121 179
133 199
58 110
155 198
160 20
144 170
173 109
99 27
134 39
133 175
78 27
105 139
180 114
50 139
192 34
69 34
86 24
109 41
57 70
151 195
55 178
163 147
41 49
194 149
190 70
188 103
92 140
76 138
195 115
57 174
150 53
57 61
140 61
74 50
81 96
79 109
61 92
47 106
51 134
123 74
77 44
103 25
165 112
88 124
50 67
100 171
182 89
109 176
170 198
194 22
170 22
133 114
177 116
176 175
69 152
108 122
83 93
141 102
55 171
176 166
114 109
112 191
150 197
117 109
94 181
77 48
132 72
40 31
114 158
196 43
124 112
107 154
195 80
193 121
84 160
130 167
103 175
59 27
144 138
158 78
174 33
167 177
174 68
75 157
162 44
45 87
43 100
141 53
187 61
91 125
120 167
80 129
136 188
133 45
55 167
194 34
113 83
147 58
180 190
88 26
129 83
185 193
106 140
62 142
69 181
66 136
164 178
132 111
45 147
169 189
55 44
109 82
115 88
53 169
157 147
136 123
176 65
151 27
123 34
79 162
192 199
190 52
200 104
129 61
178 200
200 194
40 117
158 131
95 124
170 51
165 92
58 128
176 198
42 167
126 136
102 170
87 117
108 62
58 61
52 171
142 148
197 80
172 94
56 69
74 133
103 80
77 134
181 148
149 117
97 83
40 97
153 191
160 95
92 151
57 132
182 194
123 53
154 154
125 129
125 181
112 116
75 121
159 31
161 30
192 189
82 187
143 99
90 29
174 89
88 137
148 70
177 140
89 58
148 197
62 151
180 61
200 111
189 180
55 109
129 20
155 63
82 68
121 166
200 118
141 47
63 77
107 123
111 90
52 180
149 181
46 49
78 98
136 158
98 50
111 161
199 67
151 164
43 140
120 188
129 29
168 54
48 94
142 193
55 126
145 70
80 81
175 175
62 120
111 131
57 110
81 68
119 166
107 38
52 33
156 142
178 143
155 37
43 155
172 163
85 112
120 169
175 68
183 182
59 96
96 198
128 75
161 145
84 92
106 114
70 103
137 135
184 91
76 171
200 156
99 149
154 62
55 158
93 126
160 88
89 96
192 104
65 47
81 165
77 114
117 73
52 71
72 135
58 119
153 184
51 140
152 31
162 51
143 51
66 38
149 166
170 102
196 31
142 135
102 93
146 104
169 158
50 111
109 82
132 83
88 99
178 22
109 147
125 44
146 136
44 163
101 32
70 88
72 91
123 159
130 80
193 39
128 29
93 118
47 112
75 145
68 183
200 100
85 70
162 162
86 181
109 188
157 147
100 33
195 56
90 33
169 111
130 60
176 166
90 90
198 24
106 157
49 23
139 72
149 168
106 172
74 192
58 117
98 102
111 119
46 107
141 197
45 91
144 82
169 189
160 61
53 82
124 160
75 83
133 42
172 34
116 190
160 184
74 167
131 44
52 119
140 23
49 191
116 62
78 72
102 58
141 156
179 111
160 29
159 107
91 119
51 191
173 97
81 193
80 168
145 39
102 182
113 106
112 138
52 144
200 47
182 163
167 142
168 163
68 123
173 69
86 103
88 187
91 83
43 80
92 152
70 83
62 181
93 43
145 143
49 59
70 121
197 145
160 140
69 35
41 37
187 34
165 167
148 140
75 28
79 198
182 199
95 144
174 101
67 166
122 130
77 72
45 61
131 103
130 104
185 163
86 110
157 76
126 59
58 66
91 181
191 133
142 42
105 130
112 81
43 106
65 39
162 64
59 93
101 72
68 140
156 173
96 132
152 177
171 56
194 90
192 67
50 33
48 54
82 103
163 94
141 133
104 40
200 110
41 69
120 69
129 39
196 79
109 115
141 152
41 114
45 150
174 66
74 113
197 153
88 158
191 81
77 76
148 37
128 167
107 158
180 129
156 125
60 115
73 199
101 131
179 184
198 127
184 90
101 76
148 194
147 39
123 145
140 85
123 144
84 167
154 99
143 135
177 153
187 110
145 102
186 113
131 80
193 24
124 195
47 190
59 107
43 116
184 135
180 80
113 131
133 127
48 37
137 175
104 189
116 113
136 124
142 133
145 188
75 137
167 81
117 140
64 145
123 46
105 122
82 154
74 196
69 187
177 172
53 187
112 132
46 116
71 182
137 175
134 170
159 145
89 46
40 197
197 187
151 154
71 198
126 141
147 88
174 43
55 123
153 48
105 113
182 23
184 92
127 124
196 20
147 83
58 143
107 188
172 169
142 184
111 48
104 169
197 97
72 116
78 146
180 60
134 96
161 148
170 133
187 52
191 23
68 44
182 61
63 56
80 192
126 142
137 187
159 51
67 168
194 32
183 78
166 121
197 157
81 162
45 114
181 62
97 147
43 155
63 197
157 106
85 97
47 95
139 183
164 92
141 197
145 106
172 194
190 133
100 84
120 110
79 43
116 26
185 187
117 195
144 105
180 67
54 178
132 101
109 146
190 187
127 116
97 74
48 25
55 194
83 193
146 21
150 150
145 178
176 84
53 120
99 115
111 30
103 187
183 177
157 94
104 193
169 157
126 144
174 145
71 33
184 132
188 151
151 77
40 161
173 99
147 40
109 94
176 100
80 103
78 57
138 125
146 123
44 198
127 117
85 40
71 36
147 184
92 189
169 158
159 186
45 145
51 142
193 125
129 146
63 136
42 169
155 47
54 181
199 155
143 62
54 167
107 107
119 82
194 153
135 161
118 29
167 153
81 35
139 115
65 47
79 96
158 137
128 114
45 95
111 35
189 78
144 100
106 173
162 192
102 180
132 27
66 73
43 42
104 182
149 63
58 62
171 91
188 93
79 69
133 22
156 54
51 146
146 106
42 63
191 154
135 129
123 194
73 187
152 101
88 49
170 86
87 65
156 52
192 25
193 111
84 160
104 180
127 116
138 120
60 50
149 115
120 127
61 149
48 52
151 196
167 186
124 198
157 193
58 152
65 104
56 111
85 43
198 37
104 69
121 186
71 63
118 175
193 143
175 132
149 78
196 110
119 100
157 188
94 181
165 167
134 119
91 22
78 199
92 62
85 36
122 121
129 146
94 46
75 101
136 110
81 63
171 163
141 71
45 197
42 59
48 34
199 20
72 20
131 91
172 29
41 90
184 150
180 50
156 57
64 97
129 200
162 167
146 129
116 83
167 147
165 85
92 25
89 88
166 150
178 67
168 178
160 105
86 91
195 72
156 80
189 119
138 155
108 96
187 64
59 116
186 180
86 88
47 29
195 51
96 200
78 105
68 183
164 182
134 39
72 77
62 110
75 167
72 119
178 170
131 57
182 115
183 38
183 112
168 23
47 122
178 37
68 73
172 63
196 175
99 165
61 42
65 149
115 20
83 192
107 28
54 42
51 200
137 132
179 134
103 167
130 171
126 173
144 143
138 95
55 63
84 145
138 152
42 151
156 92
46 162
46 143
193 48
98 79
191 68
121 62
122 122
50 65
191 131
119 155
74 29
198 34
157 109
170 128
69 59
187 174
139 150
161 195
186 90
73 154
73 51
100 191
177 126
64 39
190 102
150 37
134 69
177 167
170 101
155 188
185 39
57 139
180 143
128 170
56 130
155 48
154 114
171 62
43 152
137 176
200 178
156 189
56 113
185 155
194 145
168 42
197 60
84 73
182 112
155 120
123 44
105 122
141 76
46 97
69 38
71 172
82 164
79 186
63 61
105 109
182 88
174 118
99 159
40 142
180 20
189 92
95 152
144 165
131 38
133 195
150 99
66 67
65 52
196 200
164 73
168 24
176 139
109 23
152 77
189 51
85 31
122 138
91 97
84 130
175 65
163 115
179 39
161 180
93 163
46 149
62 147
181 135
89 76
118 120
123 73
196 175
182 65
155 158
150 142
142 129
144 148
117 82
151 93
141 44
136 80
149 30
200 44
146 99
89 189
84 72
85 153
44 37
120 58
188 95
115 101
61 169
155 136
139 30
161 35
68 118
55 117
189 166
100 56
150 31
193 131
42 106
98 61
183 55
175 148
162 198
76 194
191 192
128 136
158 186
116 59
191 168
53 110
54 176
66 159
155 31
177 22
58 125
65 84
42 108
66 76
174 194
176 131
146 192
109 197
82 62
121 178
131 123
199 174
174 104
139 85
80 131
103 105
91 87
165 127
40 160
167 191
148 190
61 94
52 119
187 195
66 145
45 122
173 133
77 191
65 87
144 127
92 150
195 163
78 112
125 192
167 184
193 53
111 144
75 101
81 35
45 50
100 110
71 56
181 112
71 133
115 87
41 185
131 107
86 37
140 66
157 178
94 143
122 124
78 162
139 75
97 123
79 98
192 106
49 49
83 177
135 166
135 42
49 146
67 134
76 161
178 167
52 162
114 94
48 143
136 108
109 172
114 114
133 68
51 130
105 182
191 121
56 28
127 54
140 141
174 51
190 162
192 87
45 43
161 86
179 149
58 37
69 69
93 30
99 170
104 72
174 157
151 64
49 78
78 112
65 92
182 20
123 129
133 52
166 59
127 179
174 112
86 29
69 145
58 106
198 25
173 58
195 73
91 173
111 158
128 99
106 74
200 123
138 146
178 147
78 108
137 187
115 142
80 29
96 115
176 145
194 65
136 76
129 66
142 154
107 194
156 42
63 37
149 105
168 146
101 135
41 158
100 117
107 129
89 157
103 83
65 29
75 71
46 97
133 189
93 96
108 37
139 49
69 148
155 23
177 46
134 21
49 147
119 145
173 90
182 56
151 32
193 95
99 125
183 75
53 130
151 137
192 41
85 61
74 146
57 110
124 37
191 125
90 150
146 189
120 80
63 189
175 133
127 71
177 87
81 73
156 74
116 87
42 186
145 154
152 141
174 97
114 99
61 120
114 136
53 197
104 41
61 154
137 76
117 93
130 34
87 111
50 52
171 37
59 149
135 140
173 45
58 87
42 95
95 154
137 146
55 138
138 91
73 58
119 65
179 90
45 163
165 182
129 89
65 67
162 77
97 50
150 135
188 172
200 133
115 105
40 114
127 77
96 21
166 98
144 71
106 182
76 164
198 180
150 198
92 71
145 128
119 150
70 196
142 118
42 123
137 126
108 152
98 74
43 34
109 30
81 86
125 169
109 93
139 77
132 180
151 167
151 119
161 130
196 30
175 40
125 30
155 198
199 64
68 56
79 80
73 26
184 102
80 195
118 64
142 119
189 120
176 20
196 38
116 42
66 107
85 119
192 144
194 197
94 161
189 158
170 65
81 158
50 30
183 57
52 168
60 124
122 161
42 160
58 42
160 55
125 129
155 148
117 51
137 66
73 112
125 60
63 133
147 163
177 99
161 98
104 199
109 32
78 156
114 100
74 182
114 195
101 25
51 53
59 43
113 136
125 80
109 102
107 115
57 147
70 84
172 39
81 173
53 66
102 86
106 184
68 137
118 136
190 134
112 90
106 31
168 40
175 191
43 165
106 133
86 44
81 62
186 64
57 71
128 54
185 67
53 136
165 60
73 54
50 31
46 54
166 143
170 97
129 78
41 30
145 145
152 139
176 42
119 57
57 63
190 68
150 61
112 58
151 50
78 35
134 37
144 23
118 171
150 90
162 199
82 74
159 191
193 26
79 103
43 98
127 26
138 82
46 32
124 189
184 135
123 51
173 126
194 30
112 32
92 113
58 85
131 115
181 126
144 33
165 85
96 155
80 69
189 23
83 62
67 172
83 54
81 106
147 89
158 94
198 155
170 155
132 41
100 52
141 164
124 182
157 76
173 92
81 81
156 167
105 82
99 98
69 187
150 23
86 129
119 152
51 185
60 167
171 58
143 196
46 83
159 185
142 46
106 50
153 113
129 111
84 38
43 172
92 187
170 185
91 153
45 79
66 82
160 53
132 186
116 92
44 32
116 35
104 50
192 55
50 45
117 78
80 97
87 117
173 33
175 132
172 190
42 192
143 55
143 77
135 134
148 46
68 36
67 65
76 151
123 173
44 53
191 156
154 117
180 33
185 154
52 95
189 96
113 164
91 71
132 103
149 105
50 141
175 110
106 173
48 25
102 172
79 65
123 87
186 107
69 124
72 108
200 126
81 118
125 102
55 151
45 81
177 98
143 88
168 50
59 82
153 113
108 175
153 128
108 134
65 68
146 39
112 98
127 166
100 28
195 52
53 57
56 154
109 200
169 92
153 49
58 91
141 188
144 198
147 52
95 90
126 122
155 151
196 20
137 121
159 137
148 123
66 34
121 78
84 170
138 143
174 81
110 110
170 153
81 94
184 194
156 83
130 72
78 122
143 67
94 172
197 111
137 29
153 34
94 151
118 148
171 147
76 157
141 61
172 20
65 161
113 187
153 194
116 157
41 141
183 89
176 67
148 173
119 117
97 132
113 174
131 129
61 35
179 130
47 140
81 125
70 35
48 194
68 43
102 147
195 185
70 185
81 114
177 139
103 79
109 159
106 35
52 100
167 150
72 67
97 175
193 182
157 86
70 34
126 190
115 143
120 90
64 94
139 190
46 66
67 101
128 178
49 134
75 144
181 41
141 51
195 88
179 170
147 86
199 131
42 25
148 163
130 168
186 188
149 45
42 30
47 66
132 74
113 160
96 199
155 144
134 179
58 27
84 197
140 57
90 29
133 157
96 130
112 77
62 159
75 65
81 153
166 198
170 199
177 136
70 187
101 190
193 134
94 90
58 189
108 90
78 45
168 82
139 152
96 126
136 78
93 148
100 172
124 97
61 30
108 103
76 104
64 22
104 184
95 63
59 165
110 142
89 97
54 93
116 107
111 167
189 126
51 74
155 87
113 127
162 80
135 64
42 52
140 155
151 186
160 81
163 169
121 153
90 21
174 98
198 187
160 74
114 29
133 181
110 104
86 110
86 92
137 159
142 173
97 164
93 173
82 185
146 92
75 91
135 172
180 83
62 151
198 150
122 78
168 26
97 151
132 82
152 37
46 125
82 192
113 183
59 169
194 173
194 77
96 53
114 184
102 171
165 159
91 31
121 153
69 45
176 86
40 138
154 34
190 21
149 113
188 53
177 63
43 163
180 187
117 142
198 110
164 93
197 95
46 42
129 99
109 119
132 20
133 52
111 141
57 25
137 176
89 189
124 53
169 102
101 122
79 103
53 174
102 63
63 83
87 25
179 165
44 87
69 137
134 74
92 197
153 95
170 52
144 57
164 151
46 136
99 197
135 105
146 60
165 38
116 48
85 111
87 21
180 78
170 194
124 49
129 64
118 28
40 183
122 172
42 135
152 27
196 197
43 123
164 139
188 30
111 171
101 48
123 31
82 138
70 101
75 101
155 71
118 57
91 149
192 71
188 197
106 111
191 35
152 128
74 69
92 157
69 122
159 60
94 165
146 46
78 197
106 195
119 135
190 183
65 84
45 49
172 31
182 105
72 79
155 136
168 60
41 74
46 72
175 36
164 191
65 52
118 180
56 123
130 200
147 108
199 85
45 115
128 147
192 33
53 169
106 95
181 34
135 68
64 182
149 162
67 22
173 178
66 90
116 58
71 68
115 200
125 88
46 79
96 109
159 41
111 120
196 63
157 158
86 143
194 185
63 137
149 179
116 149
86 102
148 98
190 103
49 193
85 161
98 188
109 155
104 145
198 63
109 48
182 166
118 157
121 36
131 138
81 161
155 197
95 128
161 162
75 71
49 107
88 110
62 132
198 139
63 155
118 93
178 172
107 151
65 26
164 156
89 79
186 161
164 194
113 139
166 30
124 199
115 70
129 60
69 90
73 111
166 75
102 159
85 120
96 48
106 81
47 47
145 107
52 163
60 63
78 47
70 137
174 140
59 84
68 22
158 98
40 94
105 175
71 29
43 47
82 36
88 84
115 75
158 96
53 160
196 152
53 123
124 58
44 87
107 67
49 171
63 67
196 138
54 68
44 103
112 128
139 60
149 172
127 172
178 174
142 192
139 187
44 48
43 175
56 152
73 24
75 178
171 110
83 117
179 26
51 34
159 68
56 91
200 178
114 157
161 108
135 47
109 116
40 178
163 126
93 22
46 180
57 171
159 170
153 70
189 184
143 69
112 161
48 181
112 86
147 160
109 48
99 112
135 111
82 200
93 50
82 42
175 66
135 133
86 122
107 196
184 190
59 162
194 35
200 166
88 105
90 167
172 108
53 31
90 132
100 122
143 147
169 193
111 115
166 111
44 98
106 141
168 131
146 194
155 52
135 136
171 192
135 48
136 81
97 49
177 100
105 176
180 190
166 153
178 34
150 120
184 128
171 144
80 107
157 54
57 151
159 129
127 24
169 74
94 80
166 113
51 143
184 127
42 151
109 99
138 82
141 56
169 88
57 139
101 85
47 94
198 52
63 31
161 25
136 112
48 170
154 96
136 153
49 135
99 182
165 187
116 116
72 157
199 116
84 88
98 69
95 29
41 197
140 199
42 135
107 100
183 78
99 70
171 140
112 68
85 179
101 47
76 82
184 113
65 111
173 193
89 67
58 156
141 83
127 77
125 117
123 60
167 176
66 59
180 92
74 125
146 42
182 28
170 137
80 104
85 101
134 131
65 44
57 174
99 87
102 137
92 45
68 93
175 88
62 151
77 82
66 158
163 94
47 73
95 84
142 47
200 158
119 177
130 143
153 84
175 200
80 174
199 129
147 97
181 163
56 122
71 31
119 143
65 93
120 117
136 131
99 174
146 169
132 200
99 138
193 156
190 93
154 42
76 140
119 128
144 99
147 89
96 179
70 22
74 158
58 183
49 185
67 60
64 58
85 156
179 160
71 82
174 29
181 24
74 133
63 83
126 175
177 133
111 184
129 168
108 177
139 173
94 87
82 25
88 24
148 66
108 167
80 162
119 39
97 26
48 79
102 185
189 172
104 123
94 61
128 115
46 195
197 180
46 128
115 124
63 121
105 166
52 54
119 21
77 66
164 130
168 99
175 108
121 113
94 54
77 114
199 83
87 58
98 36
153 152
163 23
109 119
40 66
127 67
108 128
157 71
183 29
181 154
166 107
80 28
110 135
55 48
120 133
140 132
111 111
119 123
159 77
160 133
76 74
122 56
99 192
72 161
120 170
64 57
125 29
63 102
195 27
195 94
196 86
166 129
146 130
136 46
158 81
165 178
126 64
106 148
193 176
159 49
86 72
138 178
57 128
116 27
87 74
118 64
163 142
43 195
71 42
162 38
145 136
119 59
172 182
46 115
123 92
117 179
134 60
107 111
109 71
148 39
178 69
190 83
83 120
75 123
52 175
181 165
56 175
75 150
176 51
84 196
86 148
178 120
116 139
63 141
128 86
124 22
167 130
77 94
58 39
176 155
83 94
107 115
57 87
100 21
67 94
125 163
161 126
147 129
129 159
43 46
100 153
44 123
149 112
118 123
142 189
167 186
96 52
81 125
166 150
87 109
77 139
115 174
119 61
79 51
132 99
139 155
43 93
75 112
42 115
193 101
110 84
47 75
187 177
118 173
92 163
66 70
107 172
166 97
111 96
111 20
169 181
56 180
157 126
183 196
102 114
176 137
137 138
107 187
56 73
77 56
139 161
160 181
120 144
45 89
170 43
111 145
163 50
63 28
149 159
173 23
113 79
128 68
150 95
74 42
180 96
124 82
114 131
