5 4
3 2
5 1
7 5
4 1
10 4
1 2
2 5
3 4
9 3
8 5
2 5
3 4
5 3
3 2
10 3
10 1
8 3
2 2
10 1
3 1
7 1
6 3
7 5
3 4
7 1
8 4
10 5
5 3
5 1
7 3
8 3
2 5
10 4
5 5
10 5
9 1
3 4
10 1
10 1
6 5
1 5
9 1
5 5
8 4
6 3
2 4
9 5
9 2
5 2
3 1
6 5
4 2
1 4
4 2
9 4
6 3
9 1
3 4
10 3
10 1
7 1
1 2
2 5
9 1
6 4
10 3
6 2
5 1
7 5
9 1
2 2
1 4
4 4
2 5
9 1
10 4
6 4
7 5
2 2
8 4
2 2
6 2
5 1
4 5
3 4
4 3
8 3
9 3
1 4
8 4
9 2
8 5
3 4
1 2
1 1
5 2
1 5
5 4
3 1
10 1
2 1
6 5
9 1
6 4
9 1
3 4
8 1
4 4
7 3
4 2
5 4
4 2
2 1
8 1
8 1
6 5
5 4
3 2
10 2
8 2
8 5
10 5
3 4
10 1
1 2
3 1
6 3
2 4
5 2
7 5
2 3
7 5
7 1
7 3
3 5
1 2
9 1
7 4
7 3
3 2
4 2
3 3
8 1
4 1
6 1
7 1
6 1
7 3
6 5
9 1
3 5
3 5
2 1
3 1
6 1
1 1
9 5
8 4
9 3
7 3
4 2
4 1
10 5
10 4
6 4
3 4
4 4
5 2
2 3
9 3
2 1
4 5
2 1
3 2
4 5
9 1
2 4
3 4
9 1
6 3
1 2
2 4
3 2
7 1
7 2
2 4
1 4
4 2
2 2
6 5
1 3
7 3
1 3
2 2
9 4
9 3
9 4
4 2
2 5
8 4
1 4
8 4
5 4
2 2
9 5
10 2
4 5
4 4
9 5
4 4
9 2
4 3
9 4
5 3
6 5
3 1
4 2
2 4
1 5
3 3
4 2
5 5
9 3
9 2
1 4
4 5
10 4
8 4
6 5
6 4
4 5
7 5
4 2
5 4
2 3
9 3
9 1
5 2
9 5
7 2
3 3
10 4
1 3
3 5
5 3
1 5
2 3
5 1
10 1
9 5
7 5
2 3
5 5
10 5
1 5
1 3
8 3
8 5
8 5
9 5
7 1
4 5
6 1
4 5
6 5
5 5
3 2
8 5
8 3
5 1
9 4
8 4
3 5
7 5
10 2
2 1
5 3
6 4
2 1
7 1
7 1
7 3
1 1
8 1
4 1
10 4
6 4
1 2
1 4
8 5
8 1
3 3
1 1
3 1
2 2
2 4
4 4
2 2
10 4
20 20
10 15
15 22
16 23
18 19
10 11
12 25
15 23
15 14
10 24
11 20
11 27
11 12
14 12
10 22
10 25
10 11
16 21
20 22
14 22
19 17
20 25
11 22
15 17
20 20
19 28
11 19
12 13
18 23
16 20
13 11
10 18
19 20
13 18
14 12
13 11
12 21
12 21
18 24
20 26
20 28
19 14
17 15
11 27
13 22
20 20
17 26
19 29
14 21
15 22
10 11
16 28
11 30
11 10
18 17
20 21
14 28
19 23
17 23
11 27
15 14
20 10
20 19
18 13
14 18
17 29
10 28
15 22
10 24
17 20
17 10
12 11
15 22
15 29
17 20
11 10
17 13
10 24
19 29
11 21
19 24
18 24
12 12
11 11
12 11
15 18
10 20
20 28
18 22
14 13
20 28
12 12
18 14
15 13
14 19
19 16
15 15
12 22
16 30
20 25
10 28
20 17
12 10
18 18
17 16
14 12
19 13
10 28
14 18
18 18
15 30
10 23
13 22
10 30
10 24
16 18
15 19
13 10
13 12
15 18
14 11
12 28
16 10
13 23
19 25
13 24
12 12
12 18
10 12
18 28
17 16
12 23
13 16
16 15
12 29
11 15
19 18
10 29
15 12
17 18
12 20
18 26
17 21
12 25
14 14
10 18
10 14
16 28
14 14
18 19
18 20
18 20
15 11
12 20
18 17
13 20
13 19
16 22
18 26
13 10
12 27
13 26
19 30
19 25
14 20
20 28
20 16
13 15
15 16
14 26
15 22
17 13
15 11
12 16
16 14
10 10
11 30
17 25
19 27
20 24
13 25
12 15
17 10
11 17
19 29
12 13
20 15
15 29
15 15
15 25
15 29
13 18
16 30
10 22
14 27
20 28
19 27
10 19
14 19
17 26