4 5
10 5
4 1
8 1
4 5
1 4
4 1
8 5
4 3
4 3
6 3
8 1
10 4
10 5
9 3
6 5
2 5
6 4
10 4
5 1
1 4
9 1
8 3
9 2
7 1
9 3
2 5
4 3
7 1
6 5
10 2
10 1
10 1
5 1
3 2
7 4
8 3
4 2
5 1
7 1
6 5
3 2
6 2
5 3
1 1
9 4
7 5
8 4
1 1
2 5
1 1
3 2
3 2
6 4
3 2
2 2
10 5
5 3
1 1
10 2
7 3
2 1
2 2
6 2
4 4
2 5
2 4
6 4
5 2
7 1
4 2
6 5
7 4
1 5
10 3
8 4
3 2
1 1
10 5
9 4
1 2
1 4
2 2
10 4
9 1
2 1
1 4
2 2
1 4
5 3
4 4
9 2
9 3
6 5
6 2
1 3
1 2
5 1
7 2
5 4
7 4
7 3
7 1
5 5
7 4
10 4
6 3
7 3
4 3
2 4
5 2
9 1
6 3
5 1
9 5
8 4
10 3
1 2
5 5
3 5
2 4
6 2
10 4
3 2
10 2
10 3
10 3
4 2
2 2
9 2
4 5
8 3
3 5
6 1
3 3
1 3
4 5
1 4
8 4
1 3
5 2
5 5
1 5
3 3
4 4
10 4
3 2
3 1
10 4
4 4
5 3
7 1
8 1
10 2
10 5
4 2
9 1
10 2
5 4
3 4
6 3
1 4
6 1
7 4
1 5
7 1
3 3
1 1
1 4
7 3
6 3
5 4
9 1
9 5
3 3
1 3
2 2
8 3
4 3
8 1
7 2
9 3
9 2
8 5
7 5
2 3
6 3
9 3
4 5
4 4
8 5
5 2
2 2
9 5
10 1
3 3
9 1
9 1
8 2
2 2
5 2
9 3
7 1
8 5
5 4
5 3
1 4
5 1
6 4
7 5
7 2
6 2
1 1
10 3
4 3
4 3
4 5
1 1
10 4
8 5
2 5
10 2
8 2
2 2
2 5
5 4
6 1
5 2
2 5
2 5
7 2
7 2
3 1
10 4
8 1
10 5
6 2
7 3
10 4
8 2
6 2
5 5
4 3
5 2
5 3
3 1
1 1
7 2
7 5
1 2
8 1
8 5
3 3
2 3
3 4
1 3
7 1
2 5
8 5
9 1
8 3
8 1
2 2
7 1
3 5
7 4
7 5
8 1
10 3
5 3
5 3
5 3
5 4
9 1
2 1
10 2
3 5
10 4
7 5
9 2
8 3
10 2
1 5
2 5
8 1
9 4
6 2
7 5
8 1
4 5
10 5
10 3
2 5
8 5
10 1
7 4
1 3
10 1
7 2
9 2
17 12
12 22
15 12
19 23
20 16
15 26
16 23
12 18
19 29
20 21
10 27
16 24
15 14
11 27
13 14
11 19
10 28
16 13
13 16
20 13
14 16
11 15
13 18
13 20
16 11
17 25
17 25
14 21
13 27
15 29
20 21
17 24
11 15
11 10
14 16
15 28
12 23
20 15
12 11
11 26
17 28
19 14
17 19
14 30
14 17
13 30
17 21
18 26
17 30
11 23
12 13
18 23
11 26
13 28
10 26
18 19
16 16
14 10
17 21
18 10
16 30
17 22
12 21
14 13
13 14
17 29
15 14
11 11
15 20
14 20
11 29
17 18
14 14
15 22
17 20
13 26
16 28
13 24
16 16
20 20
11 12
10 30
14 13
12 17
13 18
14 14
19 29
17 23
10 29
12 27
12 30
15 28
12 29
12 18
20 18
12 23
17 21
17 29
13 10
18 28
20 25
10 25
18 12
11 15
18 22
12 14
20 15
19 26
20 16
18 20
15 13
13 10
17 15
19 26
18 28
16 26
18 14
20 15
20 11
18 11
20 20
16 20
11 29
13 22
18 16
13 20
17 20
18 18
17 22
18 10
11 24
13 25
16 20
17 27
12 17
15 27
15 17
13 30
11 24
14 26
18 10
20 11
20 29
18 26
20 29
18 22
19 14
15 20
19 25
13 10
19 15
20 29
19 13
13 27
12 19
11 26
18 15
20 14
10 28
10 13
15 28
16 26
19 22
19 20
18 18
10 27
20 19
20 30
19 21
15 13
12 21
13 28
16 11
17 27
19 12
17 30
16 11
18 24
16 11
18 19
11 16
10 30
15 30
16 27
17 15
19 20
13 16
19 16
17 26
12 13
19 13
20 20
16 16
16 21
20 24
20 30
15 13
13 19
12 17
14 11