5 4
10 3
7 3
10 1
6 3
3 5
2 3
6 1
8 1
2 4
5 2
3 2
8 5
1 3
8 2
2 5
6 5
4 4
8 4
9 3
10 5
4 2
4 2
9 1
7 5
8 3
1 5
3 3
10 1
2 4
10 3
7 4
1 2
5 3
9 3
8 5
7 2
2 5
7 4
8 5
3 4
6 2
7 5
10 4
5 2
10 1
4 1
10 1
7 3
9 1
6 5
5 3
6 1
5 3
10 3
5 4
7 2
10 2
1 2
4 4
7 3
6 2
9 2
5 2
5 4
4 4
9 4
2 1
6 1
1 4
6 3
8 3
5 3
8 1
7 5
1 4
6 3
1 4
1 4
9 4
3 4
4 2
5 2
7 5
2 1
5 3
8 4
3 3
4 3
1 2
9 2
10 5
5 1
1 2
4 3
7 2
9 1
10 1
10 2
9 1
6 4
6 1
5 4
3 4
7 2
6 2
8 5
2 1
5 1
7 5
4 1
9 5
8 4
5 4
8 5
2 4
6 5
2 2
3 2
4 5
7 2
2 3
1 4
6 2
4 5
10 5
6 2
7 4
5 4
6 3
2 3
9 5
4 4
9 3
5 5
2 5
2 3
5 2
8 4
7 3
8 2
9 2
1 2
9 3
8 4
6 5
8 1
3 1
1 1
2 1
3 3
3 4
7 1
8 2
6 1
5 3
4 3
2 4
2 3
7 1
1 2
2 1
6 3
1 4
9 4
1 1
9 3
3 1
3 2
3 3
1 5
5 2
7 4
8 5
9 5
3 4
6 2
7 2
2 4
6 4
4 1
4 4
5 3
4 3
5 4
5 3
10 4
10 1
9 4
8 1
2 5
3 2
2 2
4 2
7 4
6 3
9 5
2 5
6 5
8 5
5 5
3 1
2 5
7 5
4 5
3 4
10 1
6 5
9 2
5 1
6 2
8 4
2 4
6 3
3 2
7 2
7 3
7 2
5 2
2 3
5 1
1 2
1 1
6 4
5 2
9 4
1 3
5 5
7 4
1 4
5 1
8 2
3 2
9 5
7 3
2 5
1 2
5 3
7 1
2 2
8 2
7 4
10 1
7 5
2 1
7 2
2 4
9 3
10 3
10 5
3 1
4 1
9 2
4 3
9 3
8 1
10 4
1 3
2 4
10 3
6 1
9 1
1 2
2 2
2 2
3 4
3 2
4 2
5 4
5 3
5 3
3 1
4 1
3 3
1 3
6 3
3 2
1 5
7 2
6 5
8 3
1 3
4 2
1 2
6 2
8 1
9 5
3 3
10 4
4 1
8 3
9 5
2 2
1 3
7 4
2 5
9 3
2 4
6 4
4 4
15 28
20 14
16 12
19 21
19 17
14 24
16 11
10 13
17 17
12 27
20 30
14 21
12 12
15 21
16 23
16 12
18 22
16 13
20 11
20 20
20 25
10 10
20 24
14 18
11 21
19 12
14 27
16 30
19 12
12 19
11 14
15 25
18 29
15 21
19 19
16 30
10 24
15 13
16 24
13 10
19 14
19 25
11 16
16 12
20 28
18 19
11 28
12 22
17 24
12 21
10 19
18 25
13 13
20 23
18 18
11 12
18 15
10 17
18 15
12 24
12 27
14 25
15 15
11 12
16 29
16 11
10 14
18 27
15 29
11 16
20 22
18 18
13 15
20 20
19 15
10 25
20 24
17 24
19 25
15 26
13 16
14 15
10 13
14 28
11 19
19 28
17 13
10 27
17 13
20 11
10 27
13 29
12 26
17 10
13 28
18 27
10 28
18 20
20 21
19 26
17 23
10 15
14 30
12 28
16 12
18 10
16 19
13 23
14 21
15 10
11 19
12 22
17 28
17 17
13 12
16 14
15 15
11 16
19 12
11 26
11 19
13 21
10 12
17 12
11 29
19 26
13 18
13 11
15 29
10 13
10 26
14 19
10 20
16 27
13 10
10 18
17 18
14 15
20 29
14 13
17 16
18 15
13 26
11 25
16 22
16 25
14 20
11 16
16 14
20 10
13 11
12 23
11 11
12 20
13 21
15 27
12 11
19 23
20 29
13 24
11 29
20 15
15 10
17 28
20 17
19 24
16 18
18 10
10 20
18 18
16 19
13 17
14 30
17 22
15 29
10 18
12 25
11 29
13 29
17 28
10 29
18 16
11 23
13 22
11 17
14 18
12 28
20 14
10 30
15 16
13 26
13 15
20 21
13 17
11 24
19 23
18 11
18 10
16 15
15 27