3 5
5 3
6 4
9 3
10 5
6 3
3 2
9 5
5 2
7 3
1 5
5 5
7 3
4 5
8 2
5 1
5 5
8 2
9 3
10 2
4 1
1 5
8 2
5 2
10 3
6 3
6 3
3 3
3 4
4 2
5 1
9 2
7 5
1 5
3 5
3 3
3 5
7 2
6 2
5 4
6 4
8 5
2 2
9 3
1 2
9 2
1 3
5 4
10 1
7 3
7 4
2 1
9 1
8 1
9 1
6 5
5 1
6 5
2 3
4 2
4 3
2 2
10 3
2 1
1 4
10 4
3 3
8 2
10 5
10 5
7 2
7 2
4 4
7 1
9 5
8 2
1 4
9 5
9 1
5 5
4 3
1 5
10 3
5 3
8 4
3 5
7 4
6 2
4 5
7 1
2 1
3 4
6 2
1 4
2 5
2 4
1 3
6 5
5 2
1 2
1 4
10 1
4 4
5 2
10 2
5 5
7 1
7 4
2 4
4 5
2 4
8 1
7 3
6 2
8 5
9 2
9 4
7 4
6 3
7 2
1 4
3 3
3 1
5 4
8 1
6 4
1 4
6 4
10 5
7 4
5 2
2 1
2 4
1 2
6 4
5 3
8 4
4 5
10 5
10 1
9 2
8 4
9 5
6 5
2 4
9 1
1 4
5 3
9 2
2 2
3 1
7 2
2 3
4 1
2 4
9 5
3 2
3 1
7 4
8 3
2 1
9 5
5 3
4 1
5 4
4 3
6 1
2 5
1 5
2 1
9 1
5 1
6 5
10 4
2 3
8 2
1 2
4 5
5 3
10 1
5 3
2 2
1 4
5 5
7 5
8 3
7 3
6 4
9 2
8 4
7 2
9 3
9 2
10 5
4 4
1 2
7 1
8 4
10 4
2 4
5 4
3 2
9 1
9 1
9 2
8 3
8 3
7 2
1 5
2 3
7 3
9 4
10 2
2 4
6 1
1 2
1 1
3 2
7 4
1 3
5 1
1 2
5 4
1 3
9 5
3 3
8 5
5 5
7 3
7 5
10 3
8 1
1 2
1 2
3 2
1 3
4 3
3 1
1 1
4 2
1 2
9 3
5 2
7 2
3 1
4 3
10 3
7 1
2 2
5 5
4 2
8 3
6 5
4 4
6 1
8 5
8 2
3 1
4 2
10 3
2 1
3 5
3 1
2 1
5 1
2 3
3 2
8 2
10 1
10 5
10 4
4 2
3 3
2 1
5 2
8 1
4 1
10 4
4 1
9 4
1 4
8 5
7 5
3 4
2 5
7 5
2 1
9 5
5 1
9 3
10 1
2 2
6 3
3 1
2 4
4 1
6 1
8 3
6 3
7 1
10 24
20 14
12 13
11 22
20 28
11 25
18 30
17 12
16 11
13 24
19 10
12 26
18 17
20 30
18 19
17 28
16 14
18 30
14 12
14 30
16 13
11 24
13 26
18 14
11 11
18 22
10 12
12 27
19 20
14 17
13 29
13 13
19 16
18 19
12 21
17 22
14 24
11 14
17 16
10 21
18 25
17 18
16 27
17 25
20 21
14 19
16 10
15 20
15 19
20 15
10 28
20 18
18 26
10 10
20 21
13 13
16 24
19 27
13 14
13 10
20 26
14 11
13 19
19 13
19 25
19 12
12 16
17 16
12 16
11 13
19 30
18 24
10 23
19 26
14 24
20 29
12 12
19 14
16 17
11 11
19 25
12 18
11 28
19 27
12 12
13 14
14 14
16 18
15 16
15 29
10 29
13 28
10 13
12 29
10 14
14 19
12 17
17 25
10 26
20 26
17 13
17 23
11 18
20 10
12 25
17 13
15 30
12 24
14 12
19 28
11 26
12 16
11 23
20 25
20 16
18 24
18 20
17 12
11 21
11 11
15 21
19 22
15 14
11 15
10 10
19 10
16 26
15 11
15 30
20 10
11 21
19 20
11 18
14 14
16 13
13 25
16 28
18 15
20 18
18 17
10 14
18 22
20 24
10 26
12 24
18 30
16 19
13 27
10 24
19 18
19 30
13 17
12 12
19 17
18 18
11 24
20 15
20 17
13 21
15 14
10 10
14 22
19 18
10 24
16 13
14 28
19 29
15 21
20 18
17 19
10 21
18 14
12 17
20 14
12 18
14 24
11 13
20 28
20 25
19 28
14 13
13 26
19 18
17 10
19 27
15 29
20 16
15 20
19 24
14 28
20 30
16 15
11 10
12 26
14 14
16 16
14 12
15 14
13 19
17 22