6 4
3 3
6 2
8 1
9 4
1 2
4 3
8 4
3 4
4 5
2 4
6 3
9 3
2 2
5 4
6 2
8 1
2 5
9 4
4 4
8 4
10 5
4 5
9 5
8 3
5 4
6 2
7 4
6 3
8 3
10 5
7 3
7 2
5 5
3 2
2 3
4 3
9 5
9 2
9 4
3 2
5 1
9 5
7 1
1 3
6 5
1 4
10 4
6 5
1 2
2 5
8 3
2 5
1 4
9 5
3 4
2 1
5 1
9 1
2 5
2 4
3 2
1 5
5 4
8 5
10 3
8 4
1 1
4 4
5 3
9 1
5 2
7 3
10 4
1 2
1 4
10 4
5 1
8 3
3 3
5 5
5 2
8 3
5 1
2 4
7 2
1 5
2 4
9 5
2 1
7 3
8 2
6 3
8 1
5 1
9 4
10 1
4 2
7 4
9 4
5 1
5 4
8 2
8 4
9 5
3 5
6 5
7 1
4 2
4 1
7 1
8 5
7 1
10 5
6 4
3 4
9 4
2 4
1 4
10 4
10 2
3 2
3 1
9 4
4 5
4 2
1 2
10 3
6 1
10 1
3 5
7 5
10 2
2 1
2 3
3 4
9 4
3 1
1 1
10 4
1 4
6 1
2 5
10 1
2 3
8 3
5 5
7 4
3 4
9 3
6 1
3 2
4 3
3 1
2 2
2 3
1 3
4 2
5 5
7 5
3 1
7 4
2 2
10 3
1 4
3 4
10 3
9 3
5 5
8 3
4 5
4 3
1 3
5 4
3 1
6 5
1 3
2 2
10 4
10 3
1 5
3 1
6 5
4 1
1 1
5 1
4 2
3 4
3 3
1 4
6 3
8 1
9 3
7 4
5 1
10 4
10 2
3 3
2 5
2 2
7 2
6 1
5 5
1 3
10 5
6 3
9 1
8 5
4 4
6 3
6 5
2 4
8 1
5 5
10 4
10 2
5 2
2 3
4 2
10 3
5 3
10 1
7 5
1 4
8 2
5 1
4 4
5 3
1 1
7 1
3 1
6 1
2 2
6 1
10 2
9 3
2 4
10 4
4 3
6 2
7 4
3 4
3 4
1 2
3 1
9 5
9 4
5 2
3 3
8 3
6 5
5 2
2 4
8 1
4 5
8 4
4 4
4 5
4 4
5 3
3 2
5 4
9 1
4 5
3 3
4 4
9 4
1 1
4 4
3 1
7 1
6 1
6 4
7 5
1 4
6 3
5 4
7 3
10 4
8 2
2 1
6 2
1 1
1 3
4 3
1 5
6 2
10 4
3 5
1 3
1 5
2 2
4 2
9 3
6 4
8 2
2 2
9 2
8 4
1 3
20 29
11 19
12 18
20 12
11 23
12 29
18 20
17 30
20 19
14 27
20 15
15 30
16 25
17 19
18 11
18 30
17 18
10 13
10 13
12 24
14 17
11 24
19 30
12 10
13 17
17 30
19 27
15 26
11 20
12 16
14 10
12 13
19 21
20 26
14 24
16 11
12 25
19 18
13 21
14 25
17 10
10 28
15 24
15 10
16 19
19 24
19 16
20 10
17 25
16 19
15 21
17 18
17 22
15 12
14 29
10 17
12 23
13 12
17 20
11 10
20 11
14 23
13 17
10 23
10 27
20 12
12 25
17 24
17 11
11 21
16 15
16 25
17 14
15 29
17 20
10 13
11 22
11 16
14 11
10 19
15 12
12 14
16 30
14 25
14 15
18 21
19 16
12 23
14 28
15 23
18 15
15 16
12 13
12 19
12 14
11 30
12 11
13 28
12 12
11 10
18 12
16 13
12 29
18 19
13 10
10 27
18 20
10 26
18 30
10 13
20 20
13 12
16 29
20 19
17 22
18 10
12 13
13 17
15 11
12 13
16 28
12 18
17 30
11 28
12 20
12 28
12 15
12 19
20 19
16 25
15 22
20 23
17 20
11 13
13 29
10 22
11 27
18 27
12 14
13 20
16 14
11 23
10 17
12 17
16 11
20 14
16 25
20 29
20 18
17 21
20 20
15 18
10 18
15 25
15 12
13 25
10 25
20 24
20 18
14 27
15 20
12 30
11 21
11 10
15 22
20 24
18 18
10 28
16 27
20 19
16 25
19 28
16 25
11 19
11 25
16 23
10 24
14 15
17 29
16 20
11 27
13 25
19 16
14 22
16 18
19 28
19 27
13 20
17 22
16 21
10 22
16 21
15 14
13 27
20 22
11 21
10 30
14 19
20 12
14 14