5 1
3 1
4 3
2 3
1 3
5 4
9 4
10 5
9 4
8 4
1 3
8 2
7 3
7 2
1 5
1 5
6 4
5 4
9 3
3 4
7 2
4 3
1 3
3 3
8 4
4 1
6 3
6 2
7 4
5 2
5 2
8 2
3 4
4 1
8 1
3 2
2 4
3 4
1 4
5 4
3 2
2 5
10 3
9 3
5 4
1 3
2 1
10 4
1 2
8 5
1 3
2 5
4 2
9 1
7 2
6 2
8 2
8 1
4 5
4 2
4 4
2 5
7 5
10 4
9 1
6 4
9 2
7 4
5 5
7 1
9 5
6 1
4 5
6 1
3 1
10 4
7 4
9 3
6 2
9 1
10 1
9 2
4 5
4 3
8 5
9 2
8 4
5 2
2 2
6 1
1 4
7 4
9 5
5 5
8 5
7 4
7 4
6 1
5 3
8 1
7 3
7 4
7 2
1 5
5 2
6 4
10 2
5 2
5 5
1 5
9 5
7 1
9 5
8 4
10 4
5 3
1 5
2 1
10 4
1 4
7 5
1 4
5 2
2 3
9 3
1 4
4 4
1 3
7 3
7 1
7 3
7 2
9 1
9 1
7 3
3 1
2 5
3 4
2 3
5 5
8 3
3 1
5 3
1 1
1 3
1 3
3 3
2 4
1 4
7 5
1 3
1 4
4 3
5 2
10 2
4 5
8 4
1 4
2 1
3 4
3 4
10 4
7 1
8 5
5 3
5 2
8 4
8 5
4 3
10 3
1 5
10 2
8 3
5 1
10 4
3 2
8 2
4 1
1 5
5 4
4 2
9 5
8 3
2 3
2 4
1 5
2 4
5 5
10 5
7 2
1 2
3 4
1 1
2 1
8 1
1 2
2 5
3 2
1 2
10 1
7 3
1 2
9 3
2 1
10 1
5 4
5 5
5 4
9 3
10 2
10 3
2 3
1 1
10 4
5 5
9 2
6 5
6 3
1 4
2 4
4 3
8 3
9 1
1 2
1 3
6 5
9 4
9 2
7 5
6 2
8 2
5 2
9 1
6 4
4 2
5 5
10 4
2 3
1 5
9 4
7 2
8 1
4 1
10 4
8 2
3 2
4 4
2 2
2 5
6 3
5 2
2 1
9 2
6 2
7 3
8 3
3 2
1 1
2 3
7 2
8 5
3 3
10 2
4 2
2 4
10 3
10 3
9 3
10 3
6 1
7 2
3 3
8 5
3 5
9 3
7 1
10 5
3 1
10 2
5 4
2 5
6 4
1 1
6 3
4 2
9 1
6 1
2 5
4 2
7 5
10 5
9 3
4 1
2 4
5 5
5 1
6 4
2 3
2 4
6 4
12 23
15 28
19 22
11 14
18 25
10 24
17 27
19 12
18 23
17 26
19 18
17 23
16 11
10 28
15 25
12 10
19 30
13 18
17 10
17 11
12 30
12 26
17 26
18 14
19 27
13 24
11 24
19 13
19 17
15 30
17 30
19 27
16 14
16 16
18 30
16 16
17 14
18 22
17 27
18 10
18 15
18 25
10 26
14 13
11 15
19 20
12 23
16 21
11 13
18 28
17 11
12 15
10 20
12 24
17 13
12 28
18 10
14 15
13 28
14 11
12 22
16 25
18 21
13 15
13 18
16 10
11 17
12 18
16 22
12 27
16 18
19 15
18 30
10 24
16 12
15 25
16 19
18 15
17 22
13 11
11 16
13 22
11 27
16 23
18 11
13 25
13 18
14 25
19 15
10 24
17 13
13 10
14 10
10 11
16 29
10 28
13 23
16 25
11 30
19 15
20 18
12 14
16 27
14 21
18 28
16 12
17 22
10 25
17 19
13 11
20 19
19 13
19 18
14 20
20 20
10 18
17 20
12 20
10 25
10 20
20 16
13 10
10 13
17 16
18 17
20 16
13 25
15 23
16 25
17 14
19 26
10 22
18 25
19 15
13 27
15 10
10 27
20 15
17 25
10 25
17 22
13 21
17 12
16 11
10 18
10 22
20 23
18 19
16 28
19 11
10 24
17 20
14 23
16 14
10 27
16 30
18 18
20 17
20 24
13 15
16 22
13 16
20 29
19 23
15 13
16 12
19 20
15 16
15 19
19 16
12 19
13 26
19 21
15 27
11 13
14 11
17 22
10 16
12 18
16 15
17 19
18 12
18 15
20 21
13 30
14 17
11 12
20 30
11 21
10 24
14 21
11 17
14 21
11 22
20 17
16 21
13 23
20 19
10 11
17 23