5 1
2 2
6 2
9 3
1 5
7 3
5 1
9 4
4 3
10 5
9 2
3 5
6 2
5 4
7 2
8 2
10 4
6 1
6 2
10 5
4 3
6 1
7 2
3 3
10 5
2 1
8 4
7 3
1 1
10 5
1 5
3 3
3 3
10 5
5 3
4 2
1 4
2 1
3 5
2 3
2 5
9 2
4 2
2 1
7 5
6 1
7 5
5 4
5 3
4 4
3 3
7 3
5 3
3 3
2 2
6 1
2 1
10 1
6 3
1 5
9 4
7 4
1 3
7 1
9 4
2 5
10 5
4 3
3 1
8 1
4 1
7 5
6 1
4 3
9 1
2 2
9 4
4 1
3 3
7 1
1 5
2 5
8 2
10 1
5 4
9 1
2 5
6 5
7 3
2 1
8 4
3 4
4 1
9 4
5 4
4 3
1 2
6 5
7 4
9 4
9 2
5 1
7 4
8 2
10 5
2 1
4 1
10 3
6 1
7 1
4 5
6 3
2 5
1 3
7 4
3 2
9 5
7 2
1 4
8 3
5 2
2 3
2 5
1 2
9 2
1 5
1 2
1 5
6 4
8 5
9 2
4 4
1 2
1 2
5 3
7 1
9 3
9 3
1 3
9 2
3 5
5 1
2 1
7 3
7 4
1 3
4 5
1 5
9 1
10 2
4 2
10 2
2 1
1 1
5 2
8 1
5 4
2 4
3 4
4 2
4 3
8 2
1 4
4 4
1 2
4 1
2 3
5 2
5 3
5 4
8 5
6 1
8 5
8 4
5 1
9 1
9 5
8 2
7 1
10 3
4 2
5 1
8 5
4 3
5 2
2 5
1 1
8 5
9 3
5 4
6 1
3 1
6 4
10 1
9 3
3 2
3 2
9 1
9 3
3 3
1 3
8 5
6 4
3 2
2 2
2 2
9 3
5 4
1 3
1 5
3 3
2 2
7 5
7 1
4 1
10 5
2 1
8 2
5 4
10 5
7 5
2 5
8 1
7 1
10 3
5 2
1 3
8 3
2 4
2 2
8 5
5 5
2 1
6 4
8 5
8 1
7 1
2 3
3 5
6 5
6 1
9 1
1 4
1 2
10 4
2 2
8 4
1 4
7 1
4 4
7 1
10 4
10 2
4 5
1 2
3 2
7 1
10 1
2 4
9 3
10 5
9 2
8 2
3 1
4 3
10 3
2 1
1 4
4 1
10 5
9 3
3 2
1 5
4 4
9 5
10 5
3 5
3 4
2 5
8 1
10 4
9 3
6 1
10 4
2 2
2 5
6 3
4 3
2 3
10 5
9 3
7 5
10 5
2 5
4 5
7 1
3 4
2 5
2 2
2 4
13 11
13 12
10 16
15 27
16 27
16 16
20 16
11 22
18 12
10 23
11 29
12 11
17 28
20 19
11 13
11 14
16 30
17 24
20 21
15 16
15 29
10 15
10 28
15 26
13 23
11 11
13 28
17 29
14 24
11 28
11 20
20 30
15 20
13 25
13 11
18 28
17 28
20 19
11 25
13 11
16 13
12 14
17 26
17 17
19 28
16 10
18 25
15 24
19 17
19 14
17 17
18 16
15 13
17 28
10 26
15 21
13 12
10 28
15 29
16 29
20 11
17 18
16 21
18 15
13 15
12 16
11 22
15 12
17 21
20 26
12 29
13 21
16 19
14 20
17 19
11 30
14 15
13 22
17 29
17 18
18 28
14 21
17 22
18 12
16 30
20 23
14 27
11 18
17 27
20 12
20 14
14 15
13 30
12 19
11 21
15 10
14 18
15 10
13 14
15 28
13 19
19 16
12 15
14 22
15 20
20 16
16 16
20 15
11 17
18 14
10 30
10 28
17 25
10 28
18 19
13 10
19 28
17 21
17 28
15 26
11 13
15 10
18 22
11 13
16 15
18 26
10 25
18 27
20 27
14 11
18 30
14 15
19 18
18 29
12 16
10 22
11 19
16 30
16 24
19 17
19 25
16 17
18 26
20 16
13 13
11 27
12 20
13 26
20 14
19 20
19 13
11 15
10 21
12 21
13 15
13 17
20 21
11 12
11 10
16 29
18 27
11 27
14 15
19 18
12 24
11 18
17 17
18 20
15 19
12 28
12 21
12 15
13 25
19 11
11 29
19 24
10 21
11 29
18 23
18 18
19 30
14 16
10 10
20 28
20 12
10 17
16 21
10 27
14 22
13 11
13 13
10 21
16 10
12 20
20 10
14 26
19 27
12 30
10 30
20 17