10 1
10 2
2 5
8 1
5 1
9 4
7 5
6 4
9 2
5 3
7 2
8 1
6 2
7 2
9 5
6 4
8 5
10 3
9 1
3 2
9 5
8 4
7 1
2 2
10 5
10 5
10 1
8 5
1 5
7 5
6 3
10 3
9 3
10 3
7 5
5 3
5 4
1 5
10 3
1 2
7 4
6 3
7 4
10 3
2 5
4 3
6 5
8 4
6 1
1 1
7 1
4 5
7 3
8 3
3 3
5 4
5 5
7 5
8 5
5 2
10 2
4 2
10 3
7 5
1 1
9 1
5 1
8 2
1 3
10 4
7 4
8 3
1 3
7 1
4 1
7 1
10 1
1 5
9 3
10 4
9 5
7 3
6 2
4 3
1 4
6 1
3 2
9 1
10 2
1 3
1 4
10 5
5 4
8 1
9 4
8 2
4 3
3 3
4 5
2 2
9 2
9 3
2 1
4 4
9 2
2 4
6 4
5 1
7 3
4 2
9 1
2 5
9 5
5 1
10 1
1 1
3 5
1 3
5 4
5 4
4 4
3 1
9 2
1 4
9 5
6 5
9 2
10 2
4 4
2 5
10 4
9 2
3 2
8 4
5 4
5 4
4 4
3 5
3 5
8 1
1 1
5 3
2 1
8 4
4 2
10 3
2 5
9 5
6 2
7 2
1 3
7 2
7 1
3 3
9 1
8 5
8 2
6 2
2 3
5 2
10 1
6 2
9 1
3 3
6 2
9 2
7 5
1 4
4 3
6 2
2 5
9 3
7 3
8 4
9 5
8 5
10 3
4 1
10 2
4 2
1 3
8 5
3 4
9 1
6 4
2 5
3 5
10 5
7 3
4 4
7 5
9 5
10 4
6 4
3 1
2 2
3 4
3 2
4 1
5 1
7 3
1 3
8 4
6 3
4 1
1 4
10 4
7 5
5 1
9 3
6 1
4 4
3 2
9 5
10 1
3 5
9 4
2 3
3 4
2 2
2 2
7 4
8 2
8 1
3 4
6 3
4 1
9 1
3 2
10 2
10 5
4 5
7 5
3 3
8 2
2 5
9 2
5 1
10 2
9 5
8 3
7 4
6 2
7 4
10 3
5 5
8 4
6 5
4 4
9 4
9 2
7 2
9 4
2 4
10 4
4 4
3 2
10 5
8 4
3 1
5 1
7 3
4 2
2 2
4 1
10 3
2 1
9 1
8 4
2 3
4 3
5 4
1 5
10 5
10 1
7 2
3 4
2 3
10 4
6 2
8 2
9 3
2 4
6 1
10 4
8 3
1 5
6 2
1 1
9 4
7 5
6 4
5 1
8 3
4 2
8 2
7 1
7 2
5 2
9 5
12 24
18 19
18 26
12 18
10 27
13 17
12 14
19 21
12 21
13 15
15 20
19 15
14 19
20 24
18 12
10 12
10 11
19 18
12 24
10 25
13 16
16 14
13 23
15 15
17 29
12 11
14 25
12 12
14 23
16 19
13 26
11 30
19 28
18 20
12 16
15 18
13 20
17 22
19 23
15 17
13 18
19 11
12 12
14 28
11 10
16 12
10 26
10 13
18 17
20 12
18 24
19 20
17 19
17 30
19 22
20 28
12 14
14 15
14 28
19 17
15 26
11 23
20 13
15 12
15 23
12 14
14 21
11 11
19 28
16 19
16 15
11 26
15 27
14 15
10 20
16 10
16 22
16 17
16 20
13 18
17 18
12 27
16 28
11 27
15 13
19 26
13 11
13 11
13 23
12 28
16 21
17 15
16 26
11 29
19 11
18 12
10 10
19 20
18 30
14 23
11 18
18 20
13 30
10 13
18 15
14 16
12 25
18 21
12 30
11 10
17 18
11 25
16 24
20 29
18 23
18 11
16 19
10 15
17 13
20 29
18 11
16 20
12 17
20 11
13 26
15 28
11 12
18 12
16 13
18 16
15 29
17 18
10 21
15 30
13 16
19 28
19 24
16 27
17 27
16 27
15 22
18 29
14 25
14 21
17 15
20 12
12 21
20 28
14 11
20 18
20 18
18 15
13 18
20 23
20 23
13 20
15 15
17 28
18 12
19 13
16 30
19 21
11 28
20 20
18 10
10 29
14 22
18 12
11 21
18 29
20 23
20 26
13 18
19 22
15 10
15 24
11 24
16 13
17 12
17 23
13 13
10 16
15 15
12 14
20 28
14 14
18 24
13 15
13 15
12 22
20 22
20 30
15 25
13 19
20 25
19 26
15 26
14 22
15 15
17 11