10 5
2 3
1 1
4 3
8 2
1 5
10 1
6 3
8 1
4 4
6 4
6 5
9 4
6 2
10 4
6 4
3 5
2 3
9 3
6 2
2 2
9 3
2 4
6 5
10 5
5 3
2 1
3 5
1 4
2 3
4 5
7 4
6 3
1 1
9 2
3 4
1 5
1 1
10 1
3 4
7 5
4 5
8 1
4 5
3 3
9 2
4 2
9 4
7 2
5 5
4 3
3 4
2 3
3 1
5 2
7 4
1 3
5 1
9 1
3 5
9 2
7 2
2 1
10 3
8 5
6 4
9 4
6 4
3 1
3 3
1 1
6 3
10 2
3 2
6 5
6 1
8 5
6 2
3 5
2 1
2 2
10 2
10 3
2 3
7 5
2 2
1 1
7 1
9 4
6 2
5 5
8 5
9 1
6 5
5 3
4 1
6 5
9 5
10 1
8 4
4 5
4 4
4 1
10 3
3 4
5 3
10 2
2 3
8 5
2 1
8 5
9 5
10 5
5 2
5 3
5 2
1 4
5 3
9 1
10 4
9 5
6 5
6 1
3 4
1 3
9 5
6 5
10 1
4 2
9 2
4 5
2 3
5 2
6 3
2 1
2 4
2 5
2 4
9 4
1 4
10 1
6 1
2 1
2 3
2 5
10 2
10 1
5 2
2 5
4 2
3 2
10 1
10 3
3 3
8 3
9 3
10 2
1 2
2 5
7 4
4 2
7 4
4 4
5 2
6 1
5 4
10 5
10 3
3 1
9 2
4 1
3 4
1 5
10 2
3 3
10 5
1 3
1 3
8 4
10 2
8 4
4 1
2 5
1 3
1 1
2 2
4 2
2 2
9 5
1 3
9 2
4 5
8 5
6 5
8 4
3 2
7 5
5 4
6 4
3 1
6 2
8 1
2 4
3 5
7 2
10 3
3 2
6 1
9 1
2 5
7 5
1 5
5 5
2 4
4 2
8 1
9 2
4 2
3 3
1 3
5 4
1 2
10 4
1 3
4 5
8 2
4 1
5 1
2 2
10 4
10 3
2 2
5 4
2 4
2 1
1 5
3 2
4 1
7 1
10 2
10 2
4 5
8 3
2 1
9 4
3 3
8 5
10 2
1 5
3 2
7 2
7 2
1 4
10 5
2 5
7 5
8 2
2 3
8 1
6 4
5 2
7 3
10 3
3 2
10 3
2 3
6 1
9 5
6 3
7 4
9 2
5 5
6 3
8 3
3 5
6 5
9 1
2 3
1 3
2 3
3 5
4 5
2 3
4 5
5 1
10 2
4 3
2 1
2 2
9 4
3 5
2 2
3 2
10 3
1 4
8 1
5 3
4 1
8 3
3 2
15 13
20 21
19 29
18 21
16 24
18 23
17 26
16 30
13 21
14 20
12 27
20 28
14 27
10 30
18 28
10 13
12 26
19 23
12 16
18 19
10 17
15 12
14 12
14 22
14 30
16 23
16 11
17 19
19 15
12 26
19 30
11 27
16 18
15 19
11 30
13 10
13 28
17 20
10 11
17 22
15 12
14 28
12 13
14 30
16 18
12 13
10 30
11 25
20 22
19 17
17 27
12 29
17 16
15 21
11 25
15 21
16 24
11 16
18 12
15 28
12 22
17 24
16 17
20 20
16 20
11 30
13 26
12 28
11 23
15 10
10 16
14 12
10 11
12 28
14 26
13 16
10 12
16 16
12 24
17 21
18 22
12 14
12 23
13 18
12 22
20 27
19 14
11 27
11 11
16 22
10 22
16 30
12 29
11 17
18 21
20 18
14 14
13 18
16 14
19 14
16 21
16 29
13 22
17 29
15 30
11 12
17 30
16 26
20 27
17 13
17 20
14 11
10 23
18 26
18 13
19 13
14 26
15 21
15 26
13 19
20 16
13 23
20 14
20 18
15 13
10 30
20 29
15 10
18 14
16 28
15 13
14 16
17 13
13 18
18 22
13 19
10 22
17 21
13 16
11 14
12 14
16 22
10 23
13 24
10 18
12 17
15 24
19 10
15 30
13 21
15 15
10 12
12 26
18 12
20 19
13 13
15 26
18 22
14 17
13 22
15 15
20 26
11 28
14 13
13 28
10 19
16 26
20 15
19 11
19 27
19 11
10 23
13 24
14 12
19 28
20 29
12 30
20 26
20 19
13 24
15 17
18 30
12 28
12 26
10 28
13 11
14 24
16 19
11 19
10 30
11 17
13 18
13 17
19 13
12 15
16 17
12 18
13 18
18 26
19 16